0 [1.00e+00, 1.00e+00, 1.00e+00, 1.00e+00]
200 [9.72e-01, 9.69e-01, 9.72e-01, 9.70e-01]
400 [9.70e-01, 9.66e-01, 9.71e-01, 9.64e-01]
600 [9.74e-01, 9.64e-01, 9.69e-01, 9.55e-01]
800 [9.91e-01, 9.36e-01, 9.65e-01, 9.40e-01]
1000 [1.02e+00, 8.84e-01, 9.61e-01, 9.23e-01]
1200 [1.05e+00, 8.24e-01, 9.56e-01, 9.07e-01]
1400 [1.08e+00, 7.68e-01, 9.50e-01, 8.92e-01]
1600 [1.13e+00, 7.36e-01, 9.42e-01, 8.78e-01]
1800 [1.18e+00, 7.57e-01, 9.34e-01, 8.67e-01]
2000 [1.23e+00, 8.16e-01, 9.24e-01, 8.56e-01]
2200 [1.29e+00, 9.01e-01, 9.14e-01, 8.47e-01]
2400 [1.35e+00, 9.68e-01, 9.02e-01, 8.41e-01]
2600 [1.44e+00, 1.01e+00, 8.88e-01, 8.35e-01]
2800 [1.55e+00, 1.08e+00, 8.71e-01, 8.25e-01]
3000 [1.68e+00, 1.15e+00, 8.50e-01, 8.10e-01]
3200 [1.79e+00, 1.22e+00, 8.28e-01, 7.92e-01]
3400 [1.89e+00, 1.28e+00, 8.04e-01, 7.72e-01]
3600 [1.98e+00, 1.33e+00, 7.77e-01, 7.51e-01]
3800 [2.06e+00, 1.38e+00, 7.49e-01, 7.27e-01]
4000 [2.13e+00, 1.42e+00, 7.17e-01, 7.01e-01]
4200 [2.19e+00, 1.46e+00, 6.82e-01, 6.72e-01]
4400 [2.25e+00, 1.50e+00, 6.42e-01, 6.39e-01]
4600 [2.30e+00, 1.52e+00, 5.96e-01, 6.01e-01]
4800 [2.35e+00, 1.55e+00, 5.42e-01, 5.56e-01]
5000 [2.39e+00, 1.58e+00, 4.78e-01, 5.01e-01]
5200 [2.42e+00, 1.60e+00, 4.01e-01, 4.33e-01]
5400 [2.45e+00, 1.61e+00, 3.10e-01, 3.48e-01]
5600 [2.46e+00, 1.62e+00, 2.13e-01, 2.50e-01]
5800 [2.48e+00, 1.63e+00, 1.28e-01, 1.62e-01]
6000 [2.48e+00, 1.63e+00, 7.85e-02, 1.10e-01]
6200 [2.49e+00, 1.63e+00, 5.82e-02, 8.94e-02]
6400 [2.50e+00, 1.64e+00, 5.13e-02, 8.54e-02]
6600 [2.50e+00, 1.64e+00, 4.87e-02, 8.70e-02]
6800 [2.51e+00, 1.65e+00, 4.74e-02, 9.06e-02]
7000 [2.51e+00, 1.65e+00, 4.64e-02, 9.46e-02]
7200 [2.51e+00, 1.66e+00, 4.55e-02, 9.77e-02]
7400 [2.52e+00, 1.66e+00, 4.47e-02, 1.00e-01]
7600 [2.52e+00, 1.66e+00, 4.41e-02, 1.03e-01]
7800 [2.52e+00, 1.67e+00, 4.34e-02, 1.05e-01]
8000 [2.52e+00, 1.67e+00, 4.28e-02, 1.08e-01]
8200 [2.53e+00, 1.67e+00, 4.22e-02, 1.11e-01]
8400 [2.53e+00, 1.67e+00, 4.15e-02, 1.14e-01]
8600 [2.53e+00, 1.67e+00, 4.08e-02, 1.18e-01]
8800 [2.53e+00, 1.68e+00, 3.98e-02, 1.24e-01]
9000 [2.53e+00, 1.68e+00, 3.90e-02, 1.30e-01]
9200 [2.53e+00, 1.68e+00, 3.86e-02, 1.38e-01]
9400 [2.53e+00, 1.68e+00, 3.77e-02, 1.46e-01]
9600 [2.53e+00, 1.68e+00, 3.72e-02, 1.54e-01]
9800 [2.53e+00, 1.68e+00, 3.68e-02, 1.61e-01]
10000 [2.53e+00, 1.68e+00, 3.60e-02, 1.68e-01]
10200 [2.53e+00, 1.68e+00, 3.56e-02, 1.75e-01]
10400 [2.53e+00, 1.68e+00, 3.51e-02, 1.82e-01]
10600 [2.53e+00, 1.68e+00, 3.45e-02, 1.89e-01]
10800 [2.53e+00, 1.68e+00, 3.40e-02, 1.95e-01]
11000 [2.53e+00, 1.68e+00, 3.35e-02, 2.01e-01]
11200 [2.53e+00, 1.68e+00, 3.31e-02, 2.08e-01]
11400 [2.53e+00, 1.68e+00, 3.26e-02, 2.14e-01]
11600 [2.53e+00, 1.67e+00, 3.23e-02, 2.20e-01]
11800 [2.53e+00, 1.68e+00, 3.16e-02, 2.26e-01]
12000 [2.53e+00, 1.67e+00, 3.13e-02, 2.33e-01]
12200 [2.52e+00, 1.67e+00, 3.10e-02, 2.38e-01]
12400 [2.52e+00, 1.67e+00, 3.06e-02, 2.44e-01]
12600 [2.52e+00, 1.67e+00, 3.04e-02, 2.51e-01]
12800 [2.52e+00, 1.67e+00, 2.99e-02, 2.56e-01]
13000 [2.52e+00, 1.67e+00, 2.96e-02, 2.61e-01]
13200 [2.52e+00, 1.67e+00, 2.93e-02, 2.67e-01]
13400 [2.52e+00, 1.67e+00, 2.90e-02, 2.72e-01]
13600 [2.51e+00, 1.66e+00, 2.88e-02, 2.77e-01]
13800 [2.51e+00, 1.66e+00, 2.83e-02, 2.81e-01]
14000 [2.51e+00, 1.66e+00, 2.82e-02, 2.86e-01]
14200 [2.51e+00, 1.66e+00, 2.78e-02, 2.90e-01]
14400 [2.51e+00, 1.66e+00, 2.76e-02, 2.92e-01]
14600 [2.50e+00, 1.66e+00, 2.75e-02, 2.94e-01]
14800 [2.49e+00, 1.65e+00, 2.77e-02, 2.95e-01]
15000 [2.49e+00, 1.65e+00, 2.75e-02, 2.94e-01]
15200 [2.49e+00, 1.65e+00, 2.76e-02, 2.90e-01]
15400 [2.48e+00, 1.65e+00, 2.78e-02, 2.84e-01]
15600 [2.47e+00, 1.64e+00, 2.78e-02, 2.81e-01]
15800 [2.46e+00, 1.64e+00, 2.77e-02, 2.83e-01]
16000 [2.45e+00, 1.64e+00, 2.75e-02, 2.88e-01]
16200 [2.44e+00, 1.64e+00, 2.72e-02, 2.92e-01]
16400 [2.43e+00, 1.64e+00, 2.71e-02, 2.94e-01]
16600 [2.42e+00, 1.64e+00, 2.68e-02, 2.94e-01]
16800 [2.41e+00, 1.63e+00, 2.66e-02, 2.95e-01]
17000 [2.41e+00, 1.63e+00, 2.67e-02, 2.94e-01]
17200 [2.40e+00, 1.63e+00, 2.67e-02, 2.92e-01]
17400 [2.39e+00, 1.63e+00, 2.67e-02, 2.88e-01]
17600 [2.39e+00, 1.62e+00, 2.70e-02, 2.84e-01]
17800 [2.38e+00, 1.62e+00, 2.70e-02, 2.78e-01]
18000 [2.38e+00, 1.62e+00, 2.73e-02, 2.71e-01]
18200 [2.37e+00, 1.62e+00, 2.76e-02, 2.64e-01]
18400 [2.37e+00, 1.62e+00, 2.81e-02, 2.56e-01]
18600 [2.36e+00, 1.62e+00, 2.85e-02, 2.49e-01]
18800 [2.36e+00, 1.61e+00, 2.89e-02, 2.43e-01]
19000 [2.35e+00, 1.61e+00, 2.91e-02, 2.38e-01]
19200 [2.35e+00, 1.61e+00, 2.94e-02, 2.32e-01]
19400 [2.34e+00, 1.61e+00, 2.96e-02, 2.28e-01]
19600 [2.34e+00, 1.61e+00, 2.99e-02, 2.24e-01]
19800 [2.33e+00, 1.61e+00, 3.01e-02, 2.22e-01]
20000 [2.33e+00, 1.61e+00, 3.03e-02, 2.21e-01]
20200 [2.32e+00, 1.60e+00, 3.04e-02, 2.20e-01]
20400 [2.32e+00, 1.60e+00, 3.06e-02, 2.19e-01]
20600 [2.31e+00, 1.60e+00, 3.06e-02, 2.20e-01]
20800 [2.30e+00, 1.60e+00, 3.07e-02, 2.20e-01]
21000 [2.30e+00, 1.60e+00, 3.06e-02, 2.21e-01]
21200 [2.30e+00, 1.60e+00, 3.06e-02, 2.21e-01]
21400 [2.30e+00, 1.60e+00, 3.08e-02, 2.22e-01]
21600 [2.29e+00, 1.60e+00, 3.08e-02, 2.23e-01]
21800 [2.29e+00, 1.60e+00, 3.08e-02, 2.24e-01]
22000 [2.28e+00, 1.59e+00, 3.07e-02, 2.25e-01]
22200 [2.28e+00, 1.59e+00, 3.07e-02, 2.26e-01]
22400 [2.28e+00, 1.59e+00, 3.07e-02, 2.27e-01]
22600 [2.28e+00, 1.59e+00, 3.07e-02, 2.28e-01]
22800 [2.27e+00, 1.59e+00, 3.06e-02, 2.30e-01]
23000 [2.27e+00, 1.59e+00, 3.06e-02, 2.31e-01]
23200 [2.27e+00, 1.59e+00, 3.05e-02, 2.32e-01]
23400 [2.26e+00, 1.59e+00, 3.05e-02, 2.34e-01]
23600 [2.26e+00, 1.59e+00, 3.05e-02, 2.35e-01]
23800 [2.26e+00, 1.58e+00, 3.04e-02, 2.36e-01]
24000 [2.25e+00, 1.58e+00, 3.04e-02, 2.38e-01]
24200 [2.25e+00, 1.58e+00, 3.03e-02, 2.39e-01]
24400 [2.25e+00, 1.58e+00, 3.03e-02, 2.40e-01]
24600 [2.24e+00, 1.58e+00, 3.02e-02, 2.42e-01]
24800 [2.24e+00, 1.58e+00, 3.02e-02, 2.43e-01]
25000 [2.23e+00, 1.58e+00, 3.02e-02, 2.45e-01]
25200 [2.24e+00, 1.58e+00, 3.01e-02, 2.46e-01]
25400 [2.23e+00, 1.58e+00, 3.01e-02, 2.48e-01]
25600 [2.23e+00, 1.58e+00, 3.00e-02, 2.49e-01]
25800 [2.23e+00, 1.57e+00, 3.00e-02, 2.51e-01]
26000 [2.22e+00, 1.57e+00, 2.99e-02, 2.52e-01]
26200 [2.22e+00, 1.57e+00, 2.98e-02, 2.54e-01]
26400 [2.22e+00, 1.57e+00, 2.98e-02, 2.55e-01]
26600 [2.22e+00, 1.57e+00, 2.96e-02, 2.57e-01]
26800 [2.21e+00, 1.57e+00, 2.97e-02, 2.58e-01]
27000 [2.21e+00, 1.57e+00, 2.96e-02, 2.60e-01]
27200 [2.21e+00, 1.57e+00, 2.95e-02, 2.62e-01]
27400 [2.21e+00, 1.57e+00, 2.95e-02, 2.63e-01]
27600 [2.20e+00, 1.57e+00, 2.93e-02, 2.65e-01]
27800 [2.20e+00, 1.57e+00, 2.94e-02, 2.67e-01]
28000 [2.20e+00, 1.56e+00, 2.93e-02, 2.69e-01]
28200 [2.20e+00, 1.56e+00, 2.92e-02, 2.70e-01]
28400 [2.20e+00, 1.56e+00, 2.92e-02, 2.72e-01]
28600 [2.19e+00, 1.56e+00, 2.91e-02, 2.74e-01]
28800 [2.19e+00, 1.56e+00, 2.91e-02, 2.75e-01]
29000 [2.19e+00, 1.56e+00, 2.90e-02, 2.77e-01]
29200 [2.19e+00, 1.56e+00, 2.90e-02, 2.78e-01]
29400 [2.18e+00, 1.56e+00, 2.89e-02, 2.79e-01]
29600 [2.18e+00, 1.56e+00, 2.89e-02, 2.80e-01]
29800 [2.18e+00, 1.56e+00, 2.89e-02, 2.81e-01]
30000 [2.18e+00, 1.56e+00, 2.88e-02, 2.82e-01]
30200 [2.18e+00, 1.55e+00, 2.88e-02, 2.83e-01]
30400 [2.17e+00, 1.55e+00, 2.88e-02, 2.83e-01]
30600 [2.17e+00, 1.55e+00, 2.88e-02, 2.83e-01]
30800 [2.17e+00, 1.55e+00, 2.89e-02, 2.84e-01]
31000 [2.17e+00, 1.55e+00, 2.88e-02, 2.84e-01]
31200 [2.17e+00, 1.55e+00, 2.88e-02, 2.84e-01]
31400 [2.17e+00, 1.55e+00, 2.88e-02, 2.84e-01]
31600 [2.16e+00, 1.55e+00, 2.88e-02, 2.84e-01]
31800 [2.16e+00, 1.55e+00, 2.88e-02, 2.84e-01]
32000 [2.16e+00, 1.55e+00, 2.89e-02, 2.84e-01]
32200 [2.16e+00, 1.55e+00, 2.88e-02, 2.84e-01]
32400 [2.16e+00, 1.55e+00, 2.89e-02, 2.83e-01]
32600 [2.15e+00, 1.54e+00, 2.90e-02, 2.83e-01]
32800 [2.15e+00, 1.54e+00, 2.91e-02, 2.83e-01]
33000 [2.15e+00, 1.54e+00, 2.91e-02, 2.82e-01]
33200 [2.15e+00, 1.54e+00, 2.92e-02, 2.82e-01]
33400 [2.15e+00, 1.54e+00, 2.91e-02, 2.83e-01]
33600 [2.15e+00, 1.54e+00, 2.91e-02, 2.84e-01]
33800 [2.14e+00, 1.54e+00, 2.90e-02, 2.85e-01]
34000 [2.14e+00, 1.54e+00, 2.90e-02, 2.86e-01]
34200 [2.14e+00, 1.54e+00, 2.89e-02, 2.88e-01]
34400 [2.14e+00, 1.54e+00, 2.89e-02, 2.89e-01]
34600 [2.14e+00, 1.54e+00, 2.88e-02, 2.90e-01]
34800 [2.14e+00, 1.54e+00, 2.88e-02, 2.92e-01]
35000 [2.13e+00, 1.54e+00, 2.87e-02, 2.93e-01]
35200 [2.13e+00, 1.53e+00, 2.88e-02, 2.94e-01]
35400 [2.13e+00, 1.53e+00, 2.87e-02, 2.94e-01]
35600 [2.13e+00, 1.53e+00, 2.86e-02, 2.95e-01]
35800 [2.13e+00, 1.53e+00, 2.86e-02, 2.95e-01]
36000 [2.13e+00, 1.53e+00, 2.86e-02, 2.96e-01]
36200 [2.13e+00, 1.53e+00, 2.86e-02, 2.96e-01]
36400 [2.12e+00, 1.53e+00, 2.86e-02, 2.96e-01]
36600 [2.12e+00, 1.53e+00, 2.86e-02, 2.96e-01]
36800 [2.12e+00, 1.53e+00, 2.86e-02, 2.96e-01]
37000 [2.12e+00, 1.53e+00, 2.86e-02, 2.96e-01]
37200 [2.12e+00, 1.53e+00, 2.86e-02, 2.95e-01]
37400 [2.12e+00, 1.53e+00, 2.86e-02, 2.95e-01]
37600 [2.12e+00, 1.53e+00, 2.86e-02, 2.95e-01]
37800 [2.11e+00, 1.53e+00, 2.86e-02, 2.94e-01]
38000 [2.11e+00, 1.52e+00, 2.86e-02, 2.94e-01]
38200 [2.11e+00, 1.52e+00, 2.86e-02, 2.94e-01]
38400 [2.11e+00, 1.52e+00, 2.86e-02, 2.94e-01]
38600 [2.11e+00, 1.52e+00, 2.86e-02, 2.94e-01]
38800 [2.11e+00, 1.52e+00, 2.86e-02, 2.95e-01]
39000 [2.11e+00, 1.52e+00, 2.86e-02, 2.96e-01]
39200 [2.10e+00, 1.52e+00, 2.86e-02, 2.97e-01]
39400 [2.10e+00, 1.52e+00, 2.85e-02, 2.98e-01]
39600 [2.10e+00, 1.52e+00, 2.85e-02, 3.00e-01]
39800 [2.10e+00, 1.52e+00, 2.83e-02, 3.02e-01]
40000 [2.10e+00, 1.52e+00, 2.84e-02, 3.04e-01]
40200 [2.10e+00, 1.52e+00, 2.83e-02, 3.06e-01]
40400 [2.09e+00, 1.51e+00, 2.82e-02, 3.09e-01]
40600 [2.09e+00, 1.51e+00, 2.81e-02, 3.11e-01]
40800 [2.09e+00, 1.51e+00, 2.81e-02, 3.13e-01]
41000 [2.09e+00, 1.51e+00, 2.80e-02, 3.15e-01]
41200 [2.09e+00, 1.51e+00, 2.79e-02, 3.17e-01]
41400 [2.09e+00, 1.51e+00, 2.78e-02, 3.19e-01]
41600 [2.09e+00, 1.51e+00, 2.77e-02, 3.21e-01]
41800 [2.08e+00, 1.51e+00, 2.77e-02, 3.23e-01]
42000 [2.08e+00, 1.51e+00, 2.75e-02, 3.25e-01]
42200 [2.08e+00, 1.51e+00, 2.74e-02, 3.26e-01]
42400 [2.08e+00, 1.51e+00, 2.73e-02, 3.28e-01]
42600 [2.08e+00, 1.50e+00, 2.73e-02, 3.29e-01]
42800 [2.08e+00, 1.50e+00, 2.72e-02, 3.31e-01]
43000 [2.07e+00, 1.50e+00, 2.71e-02, 3.32e-01]
43200 [2.07e+00, 1.50e+00, 2.70e-02, 3.33e-01]
43400 [2.07e+00, 1.50e+00, 2.70e-02, 3.35e-01]
43600 [2.07e+00, 1.50e+00, 2.69e-02, 3.36e-01]
43800 [2.07e+00, 1.50e+00, 2.68e-02, 3.37e-01]
44000 [2.07e+00, 1.50e+00, 2.68e-02, 3.39e-01]
44200 [2.07e+00, 1.50e+00, 2.68e-02, 3.40e-01]
44400 [2.06e+00, 1.50e+00, 2.67e-02, 3.41e-01]
44600 [2.06e+00, 1.50e+00, 2.66e-02, 3.42e-01]
44800 [2.06e+00, 1.49e+00, 2.66e-02, 3.43e-01]
45000 [2.06e+00, 1.49e+00, 2.65e-02, 3.44e-01]
45200 [2.06e+00, 1.49e+00, 2.65e-02, 3.45e-01]
45400 [2.06e+00, 1.49e+00, 2.64e-02, 3.46e-01]
45600 [2.06e+00, 1.49e+00, 2.64e-02, 3.47e-01]
45800 [2.06e+00, 1.49e+00, 2.63e-02, 3.48e-01]
46000 [2.05e+00, 1.49e+00, 2.63e-02, 3.49e-01]
46200 [2.05e+00, 1.49e+00, 2.62e-02, 3.50e-01]
46400 [2.05e+00, 1.49e+00, 2.62e-02, 3.50e-01]
46600 [2.05e+00, 1.49e+00, 2.61e-02, 3.51e-01]
46800 [2.05e+00, 1.49e+00, 2.61e-02, 3.52e-01]
47000 [2.05e+00, 1.49e+00, 2.60e-02, 3.53e-01]
47200 [2.05e+00, 1.49e+00, 2.60e-02, 3.53e-01]
47400 [2.05e+00, 1.48e+00, 2.60e-02, 3.54e-01]
47600 [2.05e+00, 1.48e+00, 2.59e-02, 3.55e-01]
47800 [2.05e+00, 1.48e+00, 2.59e-02, 3.56e-01]
48000 [2.05e+00, 1.48e+00, 2.59e-02, 3.56e-01]
48200 [2.04e+00, 1.48e+00, 2.59e-02, 3.57e-01]
48400 [2.04e+00, 1.48e+00, 2.59e-02, 3.58e-01]
48600 [2.04e+00, 1.48e+00, 2.58e-02, 3.58e-01]
48800 [2.04e+00, 1.48e+00, 2.58e-02, 3.59e-01]
49000 [2.04e+00, 1.48e+00, 2.57e-02, 3.59e-01]
49200 [2.04e+00, 1.48e+00, 2.57e-02, 3.60e-01]
49400 [2.04e+00, 1.48e+00, 2.57e-02, 3.61e-01]
49600 [2.04e+00, 1.48e+00, 2.56e-02, 3.61e-01]
49800 [2.04e+00, 1.48e+00, 2.57e-02, 3.62e-01]
50000 [2.04e+00, 1.48e+00, 2.56e-02, 3.62e-01]
50200 [2.04e+00, 1.47e+00, 2.56e-02, 3.63e-01]
50400 [2.03e+00, 1.47e+00, 2.56e-02, 3.64e-01]
50600 [2.03e+00, 1.47e+00, 2.56e-02, 3.64e-01]
50800 [2.03e+00, 1.47e+00, 2.55e-02, 3.65e-01]
51000 [2.03e+00, 1.47e+00, 2.55e-02, 3.65e-01]
51200 [2.03e+00, 1.47e+00, 2.55e-02, 3.65e-01]
51400 [2.03e+00, 1.47e+00, 2.55e-02, 3.66e-01]
51600 [2.03e+00, 1.47e+00, 2.55e-02, 3.66e-01]
51800 [2.03e+00, 1.47e+00, 2.54e-02, 3.67e-01]
52000 [2.03e+00, 1.47e+00, 2.54e-02, 3.67e-01]
52200 [2.03e+00, 1.47e+00, 2.54e-02, 3.68e-01]
52400 [2.03e+00, 1.47e+00, 2.54e-02, 3.68e-01]
52600 [2.03e+00, 1.47e+00, 2.54e-02, 3.69e-01]
52800 [2.03e+00, 1.47e+00, 2.54e-02, 3.69e-01]
53000 [2.03e+00, 1.46e+00, 2.53e-02, 3.69e-01]
53200 [2.02e+00, 1.46e+00, 2.53e-02, 3.70e-01]
53400 [2.02e+00, 1.46e+00, 2.53e-02, 3.70e-01]
53600 [2.02e+00, 1.46e+00, 2.53e-02, 3.70e-01]
53800 [2.02e+00, 1.46e+00, 2.53e-02, 3.71e-01]
54000 [2.02e+00, 1.46e+00, 2.52e-02, 3.71e-01]
54200 [2.02e+00, 1.46e+00, 2.52e-02, 3.71e-01]
54400 [2.02e+00, 1.46e+00, 2.52e-02, 3.72e-01]
54600 [2.02e+00, 1.46e+00, 2.52e-02, 3.72e-01]
54800 [2.02e+00, 1.46e+00, 2.51e-02, 3.73e-01]
55000 [2.02e+00, 1.46e+00, 2.52e-02, 3.73e-01]
55200 [2.02e+00, 1.46e+00, 2.51e-02, 3.73e-01]
55400 [2.02e+00, 1.46e+00, 2.51e-02, 3.73e-01]
55600 [2.02e+00, 1.46e+00, 2.51e-02, 3.73e-01]
55800 [2.01e+00, 1.45e+00, 2.51e-02, 3.74e-01]
56000 [2.01e+00, 1.45e+00, 2.51e-02, 3.74e-01]
56200 [2.01e+00, 1.45e+00, 2.51e-02, 3.74e-01]
56400 [2.01e+00, 1.45e+00, 2.51e-02, 3.74e-01]
56600 [2.01e+00, 1.45e+00, 2.51e-02, 3.73e-01]
56800 [2.01e+00, 1.45e+00, 2.51e-02, 3.72e-01]
57000 [2.01e+00, 1.45e+00, 2.51e-02, 3.71e-01]
57200 [2.01e+00, 1.45e+00, 2.51e-02, 3.70e-01]
57400 [2.01e+00, 1.45e+00, 2.51e-02, 3.67e-01]
57600 [2.01e+00, 1.45e+00, 2.51e-02, 3.65e-01]
57800 [2.01e+00, 1.44e+00, 2.52e-02, 3.62e-01]
58000 [2.01e+00, 1.44e+00, 2.52e-02, 3.60e-01]
58200 [2.01e+00, 1.44e+00, 2.53e-02, 3.57e-01]
58400 [2.01e+00, 1.44e+00, 2.54e-02, 3.54e-01]
58600 [2.01e+00, 1.44e+00, 2.55e-02, 3.51e-01]
58800 [2.01e+00, 1.44e+00, 2.56e-02, 3.49e-01]
59000 [2.01e+00, 1.44e+00, 2.58e-02, 3.47e-01]
59200 [2.01e+00, 1.44e+00, 2.59e-02, 3.45e-01]
59400 [2.01e+00, 1.44e+00, 2.60e-02, 3.44e-01]
59600 [2.00e+00, 1.44e+00, 2.61e-02, 3.43e-01]
59800 [2.01e+00, 1.44e+00, 2.62e-02, 3.42e-01]
60000 [2.00e+00, 1.43e+00, 2.63e-02, 3.41e-01]
60200 [2.00e+00, 1.43e+00, 2.64e-02, 3.40e-01]
60400 [2.00e+00, 1.43e+00, 2.64e-02, 3.39e-01]
60600 [2.00e+00, 1.43e+00, 2.65e-02, 3.39e-01]
60800 [2.00e+00, 1.43e+00, 2.66e-02, 3.39e-01]
61000 [2.00e+00, 1.43e+00, 2.66e-02, 3.39e-01]
61200 [2.00e+00, 1.43e+00, 2.67e-02, 3.39e-01]
61400 [2.00e+00, 1.43e+00, 2.67e-02, 3.40e-01]
61600 [2.00e+00, 1.43e+00, 2.68e-02, 3.40e-01]
61800 [2.00e+00, 1.43e+00, 2.68e-02, 3.41e-01]
62000 [1.99e+00, 1.43e+00, 2.68e-02, 3.42e-01]
62200 [1.99e+00, 1.43e+00, 2.68e-02, 3.42e-01]
62400 [1.99e+00, 1.43e+00, 2.68e-02, 3.43e-01]
62600 [1.99e+00, 1.43e+00, 2.68e-02, 3.42e-01]
62800 [1.99e+00, 1.43e+00, 2.68e-02, 3.43e-01]
63000 [1.99e+00, 1.43e+00, 2.68e-02, 3.43e-01]
63200 [1.99e+00, 1.43e+00, 2.67e-02, 3.43e-01]
63400 [1.98e+00, 1.43e+00, 2.67e-02, 3.43e-01]
63600 [1.98e+00, 1.43e+00, 2.67e-02, 3.43e-01]
63800 [1.98e+00, 1.43e+00, 2.67e-02, 3.42e-01]
64000 [1.98e+00, 1.43e+00, 2.67e-02, 3.43e-01]
64200 [1.98e+00, 1.43e+00, 2.67e-02, 3.42e-01]
64400 [1.98e+00, 1.43e+00, 2.67e-02, 3.40e-01]
64600 [1.98e+00, 1.42e+00, 2.66e-02, 3.40e-01]
64800 [1.98e+00, 1.42e+00, 2.66e-02, 3.37e-01]
65000 [1.98e+00, 1.42e+00, 2.66e-02, 3.37e-01]
65200 [1.98e+00, 1.42e+00, 2.66e-02, 3.35e-01]
65400 [1.98e+00, 1.42e+00, 2.66e-02, 3.34e-01]
65600 [1.98e+00, 1.42e+00, 2.66e-02, 3.33e-01]
65800 [1.98e+00, 1.42e+00, 2.66e-02, 3.34e-01]
66000 [1.98e+00, 1.42e+00, 2.66e-02, 3.35e-01]
66200 [1.98e+00, 1.42e+00, 2.67e-02, 3.36e-01]
66400 [1.98e+00, 1.42e+00, 2.67e-02, 3.38e-01]
66600 [1.98e+00, 1.42e+00, 2.67e-02, 3.39e-01]
66800 [1.98e+00, 1.42e+00, 2.67e-02, 3.39e-01]
67000 [1.98e+00, 1.42e+00, 2.68e-02, 3.39e-01]
67200 [1.98e+00, 1.42e+00, 2.68e-02, 3.39e-01]
67400 [1.98e+00, 1.41e+00, 2.68e-02, 3.39e-01]
67600 [1.98e+00, 1.41e+00, 2.68e-02, 3.38e-01]
67800 [1.98e+00, 1.41e+00, 2.69e-02, 3.38e-01]
68000 [1.98e+00, 1.41e+00, 2.69e-02, 3.37e-01]
68200 [1.98e+00, 1.41e+00, 2.69e-02, 3.36e-01]
68400 [1.98e+00, 1.40e+00, 2.69e-02, 3.35e-01]
68600 [1.98e+00, 1.40e+00, 2.69e-02, 3.33e-01]
68800 [1.98e+00, 1.40e+00, 2.70e-02, 3.33e-01]
69000 [1.98e+00, 1.40e+00, 2.69e-02, 3.32e-01]
69200 [1.98e+00, 1.40e+00, 2.70e-02, 3.30e-01]
69400 [1.98e+00, 1.39e+00, 2.70e-02, 3.29e-01]
69600 [1.98e+00, 1.39e+00, 2.71e-02, 3.28e-01]
69800 [1.98e+00, 1.39e+00, 2.71e-02, 3.28e-01]
70000 [1.98e+00, 1.39e+00, 2.70e-02, 3.27e-01]
70200 [1.98e+00, 1.38e+00, 2.71e-02, 3.27e-01]
70400 [1.98e+00, 1.38e+00, 2.71e-02, 3.26e-01]
70600 [1.98e+00, 1.38e+00, 2.71e-02, 3.25e-01]
70800 [1.98e+00, 1.37e+00, 2.70e-02, 3.26e-01]
71000 [1.98e+00, 1.37e+00, 2.71e-02, 3.25e-01]
71200 [1.98e+00, 1.37e+00, 2.71e-02, 3.25e-01]
71400 [1.98e+00, 1.37e+00, 2.71e-02, 3.25e-01]
71600 [1.98e+00, 1.36e+00, 2.71e-02, 3.25e-01]
71800 [1.98e+00, 1.36e+00, 2.71e-02, 3.25e-01]
72000 [1.98e+00, 1.36e+00, 2.71e-02, 3.25e-01]
72200 [1.98e+00, 1.35e+00, 2.71e-02, 3.25e-01]
72400 [1.98e+00, 1.35e+00, 2.71e-02, 3.26e-01]
72600 [1.98e+00, 1.35e+00, 2.71e-02, 3.26e-01]
72800 [1.98e+00, 1.35e+00, 2.70e-02, 3.26e-01]
73000 [1.98e+00, 1.34e+00, 2.71e-02, 3.27e-01]
73200 [1.98e+00, 1.34e+00, 2.70e-02, 3.28e-01]
73400 [1.98e+00, 1.34e+00, 2.70e-02, 3.28e-01]
73600 [1.98e+00, 1.33e+00, 2.71e-02, 3.29e-01]
73800 [1.98e+00, 1.33e+00, 2.70e-02, 3.29e-01]
74000 [1.98e+00, 1.33e+00, 2.70e-02, 3.30e-01]
74200 [1.98e+00, 1.32e+00, 2.69e-02, 3.31e-01]
74400 [1.98e+00, 1.32e+00, 2.69e-02, 3.31e-01]
74600 [1.98e+00, 1.32e+00, 2.70e-02, 3.31e-01]
74800 [1.98e+00, 1.32e+00, 2.70e-02, 3.33e-01]
75000 [1.98e+00, 1.31e+00, 2.69e-02, 3.34e-01]
75200 [1.98e+00, 1.31e+00, 2.70e-02, 3.34e-01]
75400 [1.98e+00, 1.31e+00, 2.69e-02, 3.35e-01]
75600 [1.98e+00, 1.30e+00, 2.69e-02, 3.35e-01]
75800 [1.98e+00, 1.30e+00, 2.69e-02, 3.36e-01]
76000 [1.98e+00, 1.30e+00, 2.69e-02, 3.37e-01]
76200 [1.98e+00, 1.29e+00, 2.68e-02, 3.38e-01]
76400 [1.98e+00, 1.29e+00, 2.68e-02, 3.38e-01]
76600 [1.98e+00, 1.29e+00, 2.68e-02, 3.39e-01]
76800 [1.97e+00, 1.28e+00, 2.68e-02, 3.39e-01]
77000 [1.97e+00, 1.28e+00, 2.68e-02, 3.40e-01]
77200 [1.97e+00, 1.28e+00, 2.67e-02, 3.40e-01]
77400 [1.97e+00, 1.28e+00, 2.67e-02, 3.41e-01]
77600 [1.97e+00, 1.27e+00, 2.67e-02, 3.40e-01]
77800 [1.97e+00, 1.27e+00, 2.67e-02, 3.42e-01]
78000 [1.97e+00, 1.27e+00, 2.66e-02, 3.42e-01]
78200 [1.97e+00, 1.26e+00, 2.66e-02, 3.42e-01]
78400 [1.97e+00, 1.26e+00, 2.66e-02, 3.42e-01]
78600 [1.97e+00, 1.26e+00, 2.66e-02, 3.42e-01]
78800 [1.97e+00, 1.25e+00, 2.66e-02, 3.43e-01]
79000 [1.97e+00, 1.25e+00, 2.66e-02, 3.43e-01]
79200 [1.97e+00, 1.25e+00, 2.65e-02, 3.43e-01]
79400 [1.97e+00, 1.25e+00, 2.65e-02, 3.43e-01]
79600 [1.97e+00, 1.24e+00, 2.65e-02, 3.43e-01]
79800 [1.97e+00, 1.24e+00, 2.65e-02, 3.43e-01]
80000 [1.97e+00, 1.24e+00, 2.65e-02, 3.43e-01]
80200 [1.97e+00, 1.23e+00, 2.65e-02, 3.43e-01]
80400 [1.97e+00, 1.23e+00, 2.64e-02, 3.43e-01]
80600 [1.97e+00, 1.23e+00, 2.64e-02, 3.43e-01]
80800 [1.97e+00, 1.23e+00, 2.64e-02, 3.42e-01]
81000 [1.97e+00, 1.22e+00, 2.64e-02, 3.42e-01]
81200 [1.97e+00, 1.22e+00, 2.64e-02, 3.42e-01]
81400 [1.97e+00, 1.22e+00, 2.64e-02, 3.42e-01]
81600 [1.97e+00, 1.22e+00, 2.64e-02, 3.42e-01]
81800 [1.97e+00, 1.21e+00, 2.64e-02, 3.42e-01]
82000 [1.97e+00, 1.21e+00, 2.63e-02, 3.41e-01]
82200 [1.97e+00, 1.21e+00, 2.64e-02, 3.41e-01]
82400 [1.97e+00, 1.21e+00, 2.63e-02, 3.40e-01]
82600 [1.97e+00, 1.21e+00, 2.63e-02, 3.41e-01]
82800 [1.97e+00, 1.20e+00, 2.65e-02, 3.41e-01]
83000 [1.97e+00, 1.20e+00, 2.63e-02, 3.41e-01]
83200 [1.97e+00, 1.20e+00, 2.63e-02, 3.41e-01]
83400 [1.97e+00, 1.20e+00, 2.63e-02, 3.42e-01]
83600 [1.97e+00, 1.20e+00, 2.63e-02, 3.42e-01]
83800 [1.97e+00, 1.20e+00, 2.62e-02, 3.43e-01]
84000 [1.97e+00, 1.19e+00, 2.63e-02, 3.43e-01]
84200 [1.97e+00, 1.19e+00, 2.63e-02, 3.44e-01]
84400 [1.97e+00, 1.19e+00, 2.63e-02, 3.45e-01]
84600 [1.97e+00, 1.19e+00, 2.64e-02, 3.45e-01]
84800 [1.97e+00, 1.19e+00, 2.63e-02, 3.46e-01]
85000 [1.97e+00, 1.18e+00, 2.63e-02, 3.47e-01]
85200 [1.97e+00, 1.18e+00, 2.63e-02, 3.48e-01]
85400 [1.97e+00, 1.18e+00, 2.63e-02, 3.48e-01]
85600 [1.97e+00, 1.18e+00, 2.63e-02, 3.49e-01]
85800 [1.97e+00, 1.18e+00, 2.62e-02, 3.49e-01]
86000 [1.97e+00, 1.18e+00, 2.63e-02, 3.50e-01]
86200 [1.97e+00, 1.17e+00, 2.63e-02, 3.51e-01]
86400 [1.97e+00, 1.17e+00, 2.63e-02, 3.51e-01]
86600 [1.97e+00, 1.17e+00, 2.63e-02, 3.52e-01]
86800 [1.97e+00, 1.17e+00, 2.63e-02, 3.52e-01]
87000 [1.97e+00, 1.17e+00, 2.62e-02, 3.52e-01]
87200 [1.97e+00, 1.17e+00, 2.62e-02, 3.52e-01]
87400 [1.97e+00, 1.16e+00, 2.62e-02, 3.53e-01]
87600 [1.97e+00, 1.16e+00, 2.62e-02, 3.53e-01]
87800 [1.97e+00, 1.16e+00, 2.62e-02, 3.53e-01]
88000 [1.97e+00, 1.16e+00, 2.62e-02, 3.54e-01]
88200 [1.97e+00, 1.16e+00, 2.62e-02, 3.54e-01]
88400 [1.97e+00, 1.15e+00, 2.62e-02, 3.55e-01]
88600 [1.97e+00, 1.15e+00, 2.62e-02, 3.55e-01]
88800 [1.97e+00, 1.15e+00, 2.62e-02, 3.55e-01]
89000 [1.97e+00, 1.15e+00, 2.62e-02, 3.55e-01]
89200 [1.96e+00, 1.15e+00, 2.62e-02, 3.56e-01]
89400 [1.96e+00, 1.15e+00, 2.62e-02, 3.56e-01]
89600 [1.96e+00, 1.14e+00, 2.62e-02, 3.56e-01]
89800 [1.96e+00, 1.14e+00, 2.62e-02, 3.56e-01]
90000 [1.96e+00, 1.14e+00, 2.61e-02, 3.56e-01]
90200 [1.96e+00, 1.14e+00, 2.61e-02, 3.56e-01]
90400 [1.96e+00, 1.14e+00, 2.61e-02, 3.56e-01]
90600 [1.96e+00, 1.13e+00, 2.61e-02, 3.56e-01]
90800 [1.96e+00, 1.13e+00, 2.61e-02, 3.56e-01]
91000 [1.96e+00, 1.13e+00, 2.62e-02, 3.57e-01]
91200 [1.96e+00, 1.13e+00, 2.62e-02, 3.57e-01]
91400 [1.96e+00, 1.13e+00, 2.61e-02, 3.57e-01]
91600 [1.96e+00, 1.12e+00, 2.61e-02, 3.57e-01]
91800 [1.96e+00, 1.12e+00, 2.61e-02, 3.57e-01]
92000 [1.96e+00, 1.12e+00, 2.62e-02, 3.57e-01]
92200 [1.96e+00, 1.12e+00, 2.61e-02, 3.57e-01]
92400 [1.96e+00, 1.12e+00, 2.61e-02, 3.57e-01]
92600 [1.96e+00, 1.12e+00, 2.61e-02, 3.57e-01]
92800 [1.96e+00, 1.11e+00, 2.61e-02, 3.57e-01]
93000 [1.96e+00, 1.11e+00, 2.61e-02, 3.57e-01]
93200 [1.96e+00, 1.11e+00, 2.61e-02, 3.57e-01]
93400 [1.96e+00, 1.11e+00, 2.61e-02, 3.57e-01]
93600 [1.96e+00, 1.11e+00, 2.61e-02, 3.57e-01]
93800 [1.96e+00, 1.10e+00, 2.61e-02, 3.57e-01]
94000 [1.96e+00, 1.10e+00, 2.61e-02, 3.57e-01]
94200 [1.96e+00, 1.10e+00, 2.61e-02, 3.57e-01]
94400 [1.96e+00, 1.10e+00, 2.61e-02, 3.57e-01]
94600 [1.96e+00, 1.10e+00, 2.61e-02, 3.57e-01]
94800 [1.96e+00, 1.10e+00, 2.61e-02, 3.57e-01]
95000 [1.96e+00, 1.09e+00, 2.61e-02, 3.57e-01]
95200 [1.96e+00, 1.09e+00, 2.61e-02, 3.58e-01]
95400 [1.96e+00, 1.09e+00, 2.61e-02, 3.57e-01]
95600 [1.96e+00, 1.09e+00, 2.61e-02, 3.57e-01]
95800 [1.96e+00, 1.09e+00, 2.61e-02, 3.57e-01]
96000 [1.96e+00, 1.08e+00, 2.61e-02, 3.57e-01]
96200 [1.96e+00, 1.08e+00, 2.61e-02, 3.57e-01]
96400 [1.96e+00, 1.08e+00, 2.61e-02, 3.58e-01]
96600 [1.96e+00, 1.08e+00, 2.61e-02, 3.57e-01]
96800 [1.96e+00, 1.08e+00, 2.61e-02, 3.57e-01]
97000 [1.96e+00, 1.08e+00, 2.61e-02, 3.58e-01]
97200 [1.96e+00, 1.07e+00, 2.61e-02, 3.57e-01]
97400 [1.96e+00, 1.07e+00, 2.60e-02, 3.58e-01]
97600 [1.96e+00, 1.07e+00, 2.61e-02, 3.58e-01]
97800 [1.96e+00, 1.07e+00, 2.61e-02, 3.58e-01]
98000 [1.96e+00, 1.07e+00, 2.60e-02, 3.58e-01]
98200 [1.95e+00, 1.06e+00, 2.60e-02, 3.58e-01]
98400 [1.95e+00, 1.06e+00, 2.61e-02, 3.57e-01]
98600 [1.95e+00, 1.06e+00, 2.61e-02, 3.58e-01]
98800 [1.95e+00, 1.06e+00, 2.60e-02, 3.58e-01]
99000 [1.95e+00, 1.06e+00, 2.61e-02, 3.58e-01]
99200 [1.95e+00, 1.05e+00, 2.61e-02, 3.58e-01]
99400 [1.95e+00, 1.05e+00, 2.61e-02, 3.58e-01]
99600 [1.95e+00, 1.05e+00, 2.61e-02, 3.58e-01]
99800 [1.95e+00, 1.05e+00, 2.60e-02, 3.58e-01]
100000 [1.95e+00, 1.05e+00, 2.60e-02, 3.58e-01]
100200 [1.95e+00, 1.05e+00, 2.61e-02, 3.58e-01]
100400 [1.95e+00, 1.04e+00, 2.60e-02, 3.58e-01]
100600 [1.95e+00, 1.04e+00, 2.60e-02, 3.59e-01]
100800 [1.95e+00, 1.04e+00, 2.61e-02, 3.58e-01]
101000 [1.95e+00, 1.04e+00, 2.60e-02, 3.58e-01]
101200 [1.95e+00, 1.04e+00, 2.60e-02, 3.58e-01]
101400 [1.95e+00, 1.04e+00, 2.60e-02, 3.59e-01]
101600 [1.95e+00, 1.03e+00, 2.61e-02, 3.59e-01]
101800 [1.95e+00, 1.03e+00, 2.60e-02, 3.59e-01]
102000 [1.95e+00, 1.03e+00, 2.60e-02, 3.59e-01]
102200 [1.95e+00, 1.03e+00, 2.60e-02, 3.59e-01]
102400 [1.95e+00, 1.03e+00, 2.60e-02, 3.59e-01]
102600 [1.95e+00, 1.03e+00, 2.60e-02, 3.59e-01]
102800 [1.95e+00, 1.02e+00, 2.60e-02, 3.59e-01]
103000 [1.95e+00, 1.02e+00, 2.60e-02, 3.60e-01]
103200 [1.95e+00, 1.02e+00, 2.60e-02, 3.60e-01]
103400 [1.95e+00, 1.02e+00, 2.60e-02, 3.60e-01]
103600 [1.95e+00, 1.02e+00, 2.60e-02, 3.60e-01]
103800 [1.95e+00, 1.01e+00, 2.59e-02, 3.60e-01]
104000 [1.95e+00, 1.01e+00, 2.59e-02, 3.61e-01]
104200 [1.95e+00, 1.01e+00, 2.60e-02, 3.61e-01]
104400 [1.95e+00, 1.01e+00, 2.59e-02, 3.62e-01]
104600 [1.95e+00, 1.01e+00, 2.59e-02, 3.62e-01]
104800 [1.95e+00, 1.01e+00, 2.59e-02, 3.62e-01]
105000 [1.95e+00, 1.01e+00, 2.59e-02, 3.62e-01]
105200 [1.95e+00, 1.00e+00, 2.59e-02, 3.63e-01]
105400 [1.95e+00, 1.00e+00, 2.59e-02, 3.63e-01]
105600 [1.94e+00, 1.00e+00, 2.59e-02, 3.63e-01]
105800 [1.94e+00, 9.99e-01, 2.59e-02, 3.64e-01]
106000 [1.94e+00, 9.97e-01, 2.59e-02, 3.64e-01]
106200 [1.94e+00, 9.96e-01, 2.59e-02, 3.65e-01]
106400 [1.94e+00, 9.94e-01, 2.59e-02, 3.65e-01]
106600 [1.94e+00, 9.93e-01, 2.58e-02, 3.66e-01]
106800 [1.94e+00, 9.91e-01, 2.58e-02, 3.66e-01]
107000 [1.94e+00, 9.90e-01, 2.58e-02, 3.67e-01]
107200 [1.94e+00, 9.88e-01, 2.58e-02, 3.67e-01]
107400 [1.94e+00, 9.87e-01, 2.58e-02, 3.67e-01]
107600 [1.94e+00, 9.85e-01, 2.57e-02, 3.68e-01]
107800 [1.94e+00, 9.84e-01, 2.57e-02, 3.68e-01]
108000 [1.94e+00, 9.82e-01, 2.57e-02, 3.69e-01]
108200 [1.94e+00, 9.81e-01, 2.57e-02, 3.69e-01]
108400 [1.94e+00, 9.80e-01, 2.57e-02, 3.69e-01]
108600 [1.94e+00, 9.78e-01, 2.57e-02, 3.69e-01]
108800 [1.94e+00, 9.77e-01, 2.57e-02, 3.70e-01]
109000 [1.94e+00, 9.76e-01, 2.57e-02, 3.69e-01]
109200 [1.94e+00, 9.75e-01, 2.56e-02, 3.70e-01]
109400 [1.94e+00, 9.74e-01, 2.56e-02, 3.70e-01]
109600 [1.94e+00, 9.72e-01, 2.56e-02, 3.71e-01]
109800 [1.94e+00, 9.71e-01, 2.56e-02, 3.71e-01]
110000 [1.94e+00, 9.70e-01, 2.56e-02, 3.71e-01]
110200 [1.94e+00, 9.68e-01, 2.56e-02, 3.71e-01]
110400 [1.94e+00, 9.67e-01, 2.56e-02, 3.72e-01]
110600 [1.94e+00, 9.66e-01, 2.56e-02, 3.72e-01]
110800 [1.94e+00, 9.65e-01, 2.55e-02, 3.72e-01]
111000 [1.93e+00, 9.63e-01, 2.55e-02, 3.72e-01]
111200 [1.93e+00, 9.62e-01, 2.54e-02, 3.72e-01]
111400 [1.93e+00, 9.61e-01, 2.55e-02, 3.72e-01]
111600 [1.93e+00, 9.60e-01, 2.55e-02, 3.72e-01]
111800 [1.93e+00, 9.59e-01, 2.55e-02, 3.72e-01]
112000 [1.93e+00, 9.57e-01, 2.56e-02, 3.72e-01]
112200 [1.93e+00, 9.56e-01, 2.55e-02, 3.72e-01]
112400 [1.93e+00, 9.55e-01, 2.55e-02, 3.72e-01]
112600 [1.93e+00, 9.54e-01, 2.55e-02, 3.72e-01]
112800 [1.93e+00, 9.53e-01, 2.55e-02, 3.72e-01]
113000 [1.93e+00, 9.52e-01, 2.55e-02, 3.72e-01]
113200 [1.93e+00, 9.51e-01, 2.55e-02, 3.72e-01]
113400 [1.93e+00, 9.50e-01, 2.55e-02, 3.72e-01]
113600 [1.93e+00, 9.48e-01, 2.55e-02, 3.72e-01]
113800 [1.93e+00, 9.47e-01, 2.55e-02, 3.71e-01]
114000 [1.93e+00, 9.46e-01, 2.55e-02, 3.71e-01]
114200 [1.93e+00, 9.45e-01, 2.55e-02, 3.72e-01]
114400 [1.93e+00, 9.45e-01, 2.55e-02, 3.72e-01]
114600 [1.93e+00, 9.44e-01, 2.55e-02, 3.72e-01]
114800 [1.93e+00, 9.43e-01, 2.55e-02, 3.72e-01]
115000 [1.93e+00, 9.42e-01, 2.54e-02, 3.72e-01]
115200 [1.93e+00, 9.40e-01, 2.56e-02, 3.72e-01]
115400 [1.92e+00, 9.39e-01, 2.55e-02, 3.72e-01]
115600 [1.92e+00, 9.38e-01, 2.55e-02, 3.72e-01]
115800 [1.92e+00, 9.37e-01, 2.55e-02, 3.72e-01]
116000 [1.92e+00, 9.36e-01, 2.55e-02, 3.72e-01]
116200 [1.92e+00, 9.35e-01, 2.55e-02, 3.71e-01]
116400 [1.92e+00, 9.34e-01, 2.55e-02, 3.72e-01]
116600 [1.92e+00, 9.32e-01, 2.55e-02, 3.71e-01]
116800 [1.92e+00, 9.31e-01, 2.55e-02, 3.71e-01]
117000 [1.92e+00, 9.30e-01, 2.55e-02, 3.71e-01]
117200 [1.92e+00, 9.29e-01, 2.55e-02, 3.71e-01]
117400 [1.92e+00, 9.28e-01, 2.55e-02, 3.71e-01]
117600 [1.92e+00, 9.26e-01, 2.55e-02, 3.71e-01]
117800 [1.92e+00, 9.25e-01, 2.55e-02, 3.71e-01]
118000 [1.92e+00, 9.24e-01, 2.55e-02, 3.71e-01]
118200 [1.92e+00, 9.23e-01, 2.55e-02, 3.71e-01]
118400 [1.92e+00, 9.22e-01, 2.55e-02, 3.71e-01]
118600 [1.92e+00, 9.21e-01, 2.55e-02, 3.70e-01]
118800 [1.91e+00, 9.20e-01, 2.55e-02, 3.71e-01]
119000 [1.91e+00, 9.18e-01, 2.55e-02, 3.70e-01]
119200 [1.91e+00, 9.17e-01, 2.55e-02, 3.70e-01]
119400 [1.91e+00, 9.11e-01, 2.55e-02, 3.68e-01]
119600 [1.91e+00, 9.10e-01, 2.55e-02, 3.67e-01]
119800 [1.91e+00, 9.09e-01, 2.56e-02, 3.68e-01]
120000 [1.91e+00, 9.09e-01, 2.56e-02, 3.69e-01]
120200 [1.91e+00, 9.08e-01, 2.56e-02, 3.69e-01]
120400 [1.91e+00, 9.08e-01, 2.56e-02, 3.69e-01]
120600 [1.91e+00, 9.07e-01, 2.56e-02, 3.70e-01]
120800 [1.91e+00, 9.06e-01, 2.56e-02, 3.70e-01]
121000 [1.91e+00, 9.04e-01, 2.56e-02, 3.70e-01]
121200 [1.91e+00, 9.04e-01, 2.56e-02, 3.70e-01]
121400 [1.90e+00, 9.03e-01, 2.56e-02, 3.70e-01]
121600 [1.90e+00, 9.01e-01, 2.56e-02, 3.70e-01]
121800 [1.90e+00, 9.01e-01, 2.56e-02, 3.70e-01]
122000 [1.90e+00, 9.00e-01, 2.56e-02, 3.70e-01]
122200 [1.90e+00, 8.98e-01, 2.56e-02, 3.70e-01]
122400 [1.90e+00, 8.97e-01, 2.56e-02, 3.70e-01]
122600 [1.90e+00, 8.96e-01, 2.56e-02, 3.70e-01]
122800 [1.90e+00, 8.94e-01, 2.56e-02, 3.70e-01]
123000 [1.90e+00, 8.93e-01, 2.56e-02, 3.70e-01]
123200 [1.90e+00, 8.92e-01, 2.56e-02, 3.70e-01]
123400 [1.90e+00, 8.90e-01, 2.56e-02, 3.70e-01]
123600 [1.90e+00, 8.89e-01, 2.56e-02, 3.69e-01]
123800 [1.90e+00, 8.88e-01, 2.56e-02, 3.70e-01]
124000 [1.90e+00, 8.86e-01, 2.56e-02, 3.69e-01]
124200 [1.90e+00, 8.85e-01, 2.56e-02, 3.70e-01]
124400 [1.89e+00, 8.84e-01, 2.56e-02, 3.70e-01]
124600 [1.89e+00, 8.82e-01, 2.56e-02, 3.70e-01]
124800 [1.89e+00, 8.81e-01, 2.56e-02, 3.70e-01]
125000 [1.89e+00, 8.79e-01, 2.57e-02, 3.69e-01]
125200 [1.89e+00, 8.79e-01, 2.57e-02, 3.69e-01]
125400 [1.89e+00, 8.77e-01, 2.57e-02, 3.69e-01]
125600 [1.89e+00, 8.76e-01, 2.56e-02, 3.70e-01]
125800 [1.89e+00, 8.75e-01, 2.56e-02, 3.69e-01]
126000 [1.89e+00, 8.73e-01, 2.57e-02, 3.69e-01]
126200 [1.89e+00, 8.72e-01, 2.57e-02, 3.70e-01]
126400 [1.89e+00, 8.70e-01, 2.57e-02, 3.70e-01]
126600 [1.89e+00, 8.69e-01, 2.57e-02, 3.70e-01]
126800 [1.89e+00, 8.67e-01, 2.57e-02, 3.70e-01]
127000 [1.88e+00, 8.65e-01, 2.57e-02, 3.68e-01]
127200 [1.88e+00, 8.64e-01, 2.57e-02, 3.68e-01]
127400 [1.88e+00, 8.63e-01, 2.57e-02, 3.69e-01]
127600 [1.88e+00, 8.62e-01, 2.57e-02, 3.69e-01]
127800 [1.88e+00, 8.62e-01, 2.57e-02, 3.70e-01]
128000 [1.88e+00, 8.61e-01, 2.57e-02, 3.70e-01]
128200 [1.88e+00, 8.59e-01, 2.57e-02, 3.70e-01]
128400 [1.88e+00, 8.58e-01, 2.57e-02, 3.70e-01]
128600 [1.88e+00, 8.56e-01, 2.57e-02, 3.70e-01]
128800 [1.88e+00, 8.54e-01, 2.57e-02, 3.70e-01]
129000 [1.88e+00, 8.53e-01, 2.57e-02, 3.70e-01]
129200 [1.88e+00, 8.52e-01, 2.57e-02, 3.70e-01]
129400 [1.88e+00, 8.50e-01, 2.57e-02, 3.70e-01]
129600 [1.87e+00, 8.48e-01, 2.57e-02, 3.70e-01]
129800 [1.87e+00, 8.47e-01, 2.57e-02, 3.70e-01]
130000 [1.87e+00, 8.45e-01, 2.57e-02, 3.70e-01]
130200 [1.87e+00, 8.44e-01, 2.57e-02, 3.70e-01]
130400 [1.87e+00, 8.42e-01, 2.57e-02, 3.70e-01]
130600 [1.87e+00, 8.40e-01, 2.57e-02, 3.70e-01]
130800 [1.87e+00, 8.38e-01, 2.57e-02, 3.70e-01]
131000 [1.87e+00, 8.37e-01, 2.57e-02, 3.71e-01]
131200 [1.87e+00, 8.35e-01, 2.57e-02, 3.70e-01]
131400 [1.87e+00, 8.34e-01, 2.57e-02, 3.71e-01]
131600 [1.87e+00, 8.32e-01, 2.57e-02, 3.71e-01]
131800 [1.87e+00, 8.30e-01, 2.57e-02, 3.71e-01]
132000 [1.87e+00, 8.28e-01, 2.57e-02, 3.71e-01]
132200 [1.86e+00, 8.27e-01, 2.57e-02, 3.71e-01]
132400 [1.86e+00, 8.25e-01, 2.57e-02, 3.71e-01]
132600 [1.86e+00, 8.24e-01, 2.57e-02, 3.71e-01]
132800 [1.86e+00, 8.22e-01, 2.57e-02, 3.71e-01]
133000 [1.86e+00, 8.20e-01, 2.57e-02, 3.71e-01]
133200 [1.86e+00, 8.18e-01, 2.57e-02, 3.71e-01]
133400 [1.86e+00, 8.17e-01, 2.57e-02, 3.72e-01]
133600 [1.86e+00, 8.16e-01, 2.58e-02, 3.72e-01]
133800 [1.86e+00, 8.14e-01, 2.57e-02, 3.72e-01]
134000 [1.86e+00, 8.12e-01, 2.57e-02, 3.72e-01]
134200 [1.86e+00, 8.11e-01, 2.57e-02, 3.72e-01]
134400 [1.85e+00, 8.09e-01, 2.57e-02, 3.72e-01]
134600 [1.85e+00, 8.07e-01, 2.57e-02, 3.73e-01]
134800 [1.85e+00, 8.06e-01, 2.57e-02, 3.72e-01]
135000 [1.85e+00, 8.04e-01, 2.57e-02, 3.73e-01]
135200 [1.85e+00, 8.02e-01, 2.57e-02, 3.73e-01]
135400 [1.85e+00, 8.00e-01, 2.57e-02, 3.73e-01]
135600 [1.85e+00, 7.99e-01, 2.57e-02, 3.73e-01]
135800 [1.85e+00, 7.98e-01, 2.57e-02, 3.73e-01]
136000 [1.85e+00, 7.95e-01, 2.57e-02, 3.72e-01]
136200 [1.85e+00, 7.94e-01, 2.57e-02, 3.73e-01]
136400 [1.85e+00, 7.93e-01, 2.57e-02, 3.73e-01]
136600 [1.85e+00, 7.92e-01, 2.56e-02, 3.74e-01]
136800 [1.84e+00, 7.91e-01, 2.57e-02, 3.74e-01]
137000 [1.84e+00, 7.90e-01, 2.57e-02, 3.74e-01]
137200 [1.84e+00, 7.88e-01, 2.57e-02, 3.74e-01]
137400 [1.84e+00, 7.86e-01, 2.57e-02, 3.74e-01]
137600 [1.84e+00, 7.85e-01, 2.56e-02, 3.74e-01]
137800 [1.84e+00, 7.84e-01, 2.56e-02, 3.74e-01]
138000 [1.84e+00, 7.82e-01, 2.56e-02, 3.74e-01]
138200 [1.84e+00, 7.81e-01, 2.56e-02, 3.74e-01]
138400 [1.84e+00, 7.79e-01, 2.56e-02, 3.74e-01]
138600 [1.84e+00, 7.78e-01, 2.56e-02, 3.74e-01]
138800 [1.84e+00, 7.76e-01, 2.56e-02, 3.75e-01]
139000 [1.83e+00, 7.74e-01, 2.55e-02, 3.75e-01]
139200 [1.83e+00, 7.73e-01, 2.55e-02, 3.77e-01]
139400 [1.83e+00, 7.71e-01, 2.55e-02, 3.78e-01]
139600 [1.83e+00, 7.69e-01, 2.55e-02, 3.80e-01]
139800 [1.83e+00, 7.66e-01, 2.55e-02, 3.81e-01]
140000 [1.83e+00, 7.62e-01, 2.55e-02, 3.80e-01]
140200 [1.83e+00, 7.61e-01, 2.55e-02, 3.81e-01]
140400 [1.83e+00, 7.60e-01, 2.56e-02, 3.82e-01]
140600 [1.83e+00, 7.58e-01, 2.55e-02, 3.83e-01]
140800 [1.83e+00, 7.57e-01, 2.55e-02, 3.84e-01]
141000 [1.83e+00, 7.56e-01, 2.55e-02, 3.84e-01]
141200 [1.82e+00, 7.55e-01, 2.55e-02, 3.85e-01]
141400 [1.82e+00, 7.53e-01, 2.55e-02, 3.86e-01]
141600 [1.82e+00, 7.51e-01, 2.55e-02, 3.86e-01]
141800 [1.82e+00, 7.49e-01, 2.55e-02, 3.87e-01]
142000 [1.82e+00, 7.48e-01, 2.54e-02, 3.87e-01]
142200 [1.82e+00, 7.46e-01, 2.55e-02, 3.87e-01]
142400 [1.82e+00, 7.44e-01, 2.54e-02, 3.87e-01]
142600 [1.82e+00, 7.41e-01, 2.54e-02, 3.88e-01]
142800 [1.82e+00, 7.39e-01, 2.54e-02, 3.88e-01]
143000 [1.82e+00, 7.37e-01, 2.54e-02, 3.88e-01]
143200 [1.82e+00, 7.35e-01, 2.54e-02, 3.88e-01]
143400 [1.81e+00, 7.32e-01, 2.54e-02, 3.89e-01]
143600 [1.81e+00, 7.29e-01, 2.54e-02, 3.89e-01]
143800 [1.81e+00, 7.27e-01, 2.54e-02, 3.89e-01]
144000 [1.81e+00, 7.25e-01, 2.54e-02, 3.89e-01]
144200 [1.81e+00, 7.22e-01, 2.53e-02, 3.89e-01]
144400 [1.81e+00, 7.19e-01, 2.53e-02, 3.89e-01]
144600 [1.81e+00, 7.17e-01, 2.53e-02, 3.90e-01]
144800 [1.81e+00, 7.15e-01, 2.53e-02, 3.90e-01]
145000 [1.81e+00, 7.13e-01, 2.53e-02, 3.90e-01]
145200 [1.81e+00, 7.10e-01, 2.53e-02, 3.90e-01]
145400 [1.80e+00, 7.08e-01, 2.53e-02, 3.90e-01]
145600 [1.80e+00, 7.05e-01, 2.53e-02, 3.90e-01]
145800 [1.80e+00, 7.03e-01, 2.53e-02, 3.90e-01]
146000 [1.80e+00, 7.00e-01, 2.53e-02, 3.90e-01]
146200 [1.80e+00, 6.98e-01, 2.53e-02, 3.90e-01]
146400 [1.80e+00, 6.96e-01, 2.52e-02, 3.91e-01]
146600 [1.80e+00, 6.94e-01, 2.52e-02, 3.91e-01]
146800 [1.80e+00, 6.91e-01, 2.52e-02, 3.91e-01]
147000 [1.79e+00, 6.85e-01, 2.52e-02, 3.89e-01]
147200 [1.79e+00, 6.84e-01, 2.52e-02, 3.90e-01]
147400 [1.79e+00, 6.83e-01, 2.52e-02, 3.90e-01]
147600 [1.79e+00, 6.83e-01, 2.52e-02, 3.90e-01]
147800 [1.79e+00, 6.82e-01, 2.52e-02, 3.91e-01]
148000 [1.79e+00, 6.81e-01, 2.52e-02, 3.91e-01]
148200 [1.79e+00, 6.80e-01, 2.52e-02, 3.91e-01]
148400 [1.79e+00, 6.79e-01, 2.52e-02, 3.92e-01]
148600 [1.79e+00, 6.78e-01, 2.52e-02, 3.93e-01]
148800 [1.79e+00, 6.75e-01, 2.52e-02, 3.92e-01]
149000 [1.79e+00, 6.74e-01, 2.52e-02, 3.93e-01]
149200 [1.79e+00, 6.72e-01, 2.52e-02, 3.93e-01]
149400 [1.78e+00, 6.70e-01, 2.52e-02, 3.93e-01]
149600 [1.78e+00, 6.69e-01, 2.52e-02, 3.93e-01]
149800 [1.78e+00, 6.67e-01, 2.51e-02, 3.93e-01]
150000 [1.78e+00, 6.65e-01, 2.51e-02, 3.93e-01]
150200 [1.78e+00, 6.63e-01, 2.51e-02, 3.93e-01]
150400 [1.78e+00, 6.61e-01, 2.51e-02, 3.93e-01]
150600 [1.78e+00, 6.58e-01, 2.51e-02, 3.93e-01]
150800 [1.78e+00, 6.56e-01, 2.51e-02, 3.93e-01]
151000 [1.78e+00, 6.54e-01, 2.51e-02, 3.93e-01]
151200 [1.78e+00, 6.52e-01, 2.52e-02, 3.93e-01]
151400 [1.77e+00, 6.49e-01, 2.51e-02, 3.93e-01]
151600 [1.77e+00, 6.47e-01, 2.51e-02, 3.93e-01]
151800 [1.77e+00, 6.44e-01, 2.51e-02, 3.92e-01]
152000 [1.77e+00, 6.43e-01, 2.51e-02, 3.93e-01]
152200 [1.77e+00, 6.40e-01, 2.52e-02, 3.93e-01]
152400 [1.77e+00, 6.38e-01, 2.51e-02, 3.93e-01]
152600 [1.77e+00, 6.36e-01, 2.51e-02, 3.93e-01]
152800 [1.77e+00, 6.34e-01, 2.51e-02, 3.93e-01]
153000 [1.77e+00, 6.31e-01, 2.51e-02, 3.92e-01]
153200 [1.77e+00, 6.29e-01, 2.51e-02, 3.93e-01]
153400 [1.77e+00, 6.27e-01, 2.52e-02, 3.93e-01]
153600 [1.76e+00, 6.25e-01, 2.51e-02, 3.93e-01]
153800 [1.76e+00, 6.23e-01, 2.51e-02, 3.93e-01]
154000 [1.76e+00, 6.20e-01, 2.51e-02, 3.93e-01]
154200 [1.76e+00, 6.18e-01, 2.51e-02, 3.93e-01]
154400 [1.76e+00, 6.16e-01, 2.51e-02, 3.93e-01]
154600 [1.76e+00, 6.14e-01, 2.51e-02, 3.93e-01]
154800 [1.76e+00, 6.12e-01, 2.51e-02, 3.93e-01]
155000 [1.76e+00, 6.09e-01, 2.51e-02, 3.93e-01]
155200 [1.76e+00, 6.07e-01, 2.51e-02, 3.93e-01]
155400 [1.75e+00, 6.03e-01, 2.51e-02, 3.92e-01]
155600 [1.75e+00, 6.02e-01, 2.51e-02, 3.91e-01]
155800 [1.75e+00, 6.01e-01, 2.51e-02, 3.91e-01]
156000 [1.75e+00, 6.00e-01, 2.51e-02, 3.92e-01]
156200 [1.75e+00, 5.98e-01, 2.51e-02, 3.93e-01]
156400 [1.75e+00, 5.97e-01, 2.51e-02, 3.93e-01]
156600 [1.75e+00, 5.95e-01, 2.51e-02, 3.93e-01]
156800 [1.75e+00, 5.93e-01, 2.51e-02, 3.93e-01]
157000 [1.75e+00, 5.91e-01, 2.51e-02, 3.93e-01]
157200 [1.75e+00, 5.89e-01, 2.51e-02, 3.93e-01]
157400 [1.75e+00, 5.87e-01, 2.51e-02, 3.93e-01]
157600 [1.75e+00, 5.85e-01, 2.51e-02, 3.93e-01]
157800 [1.75e+00, 5.83e-01, 2.52e-02, 3.93e-01]
158000 [1.74e+00, 5.81e-01, 2.51e-02, 3.92e-01]
158200 [1.74e+00, 5.79e-01, 2.51e-02, 3.93e-01]
158400 [1.74e+00, 5.77e-01, 2.51e-02, 3.92e-01]
158600 [1.74e+00, 5.75e-01, 2.52e-02, 3.92e-01]
158800 [1.74e+00, 5.73e-01, 2.52e-02, 3.92e-01]
159000 [1.74e+00, 5.71e-01, 2.52e-02, 3.92e-01]
159200 [1.74e+00, 5.68e-01, 2.51e-02, 3.92e-01]
159400 [1.74e+00, 5.66e-01, 2.52e-02, 3.92e-01]
159600 [1.74e+00, 5.64e-01, 2.52e-02, 3.92e-01]
159800 [1.74e+00, 5.62e-01, 2.52e-02, 3.92e-01]
160000 [1.74e+00, 5.59e-01, 2.52e-02, 3.90e-01]
160200 [1.74e+00, 5.57e-01, 2.52e-02, 3.91e-01]
160400 [1.74e+00, 5.55e-01, 2.52e-02, 3.91e-01]
160600 [1.73e+00, 5.53e-01, 2.52e-02, 3.91e-01]
160800 [1.73e+00, 5.51e-01, 2.52e-02, 3.91e-01]
161000 [1.73e+00, 5.49e-01, 2.52e-02, 3.91e-01]
161200 [1.73e+00, 5.47e-01, 2.52e-02, 3.91e-01]
161400 [1.73e+00, 5.45e-01, 2.52e-02, 3.90e-01]
161600 [1.73e+00, 5.43e-01, 2.52e-02, 3.90e-01]
161800 [1.73e+00, 5.41e-01, 2.53e-02, 3.90e-01]
162000 [1.73e+00, 5.38e-01, 2.52e-02, 3.90e-01]
162200 [1.73e+00, 5.37e-01, 2.53e-02, 3.90e-01]
162400 [1.73e+00, 5.34e-01, 2.52e-02, 3.89e-01]
162600 [1.73e+00, 5.32e-01, 2.52e-02, 3.89e-01]
162800 [1.73e+00, 5.30e-01, 2.52e-02, 3.89e-01]
163000 [1.72e+00, 5.28e-01, 2.53e-02, 3.89e-01]
163200 [1.72e+00, 5.26e-01, 2.54e-02, 3.89e-01]
163400 [1.72e+00, 5.22e-01, 2.52e-02, 3.86e-01]
163600 [1.72e+00, 5.21e-01, 2.52e-02, 3.87e-01]
163800 [1.72e+00, 5.21e-01, 2.53e-02, 3.87e-01]
164000 [1.72e+00, 5.19e-01, 2.53e-02, 3.88e-01]
164200 [1.72e+00, 5.17e-01, 2.53e-02, 3.88e-01]
164400 [1.72e+00, 5.16e-01, 2.53e-02, 3.88e-01]
164600 [1.72e+00, 5.14e-01, 2.53e-02, 3.88e-01]
164800 [1.72e+00, 5.12e-01, 2.54e-02, 3.88e-01]
165000 [1.72e+00, 5.10e-01, 2.52e-02, 3.88e-01]
165200 [1.72e+00, 5.08e-01, 2.53e-02, 3.88e-01]
165400 [1.72e+00, 5.06e-01, 2.53e-02, 3.88e-01]
165600 [1.71e+00, 5.04e-01, 2.53e-02, 3.87e-01]
165800 [1.71e+00, 5.02e-01, 2.53e-02, 3.87e-01]
166000 [1.71e+00, 5.00e-01, 2.54e-02, 3.87e-01]
166200 [1.71e+00, 4.97e-01, 2.53e-02, 3.87e-01]
166400 [1.71e+00, 4.95e-01, 2.54e-02, 3.87e-01]
166600 [1.71e+00, 4.93e-01, 2.54e-02, 3.87e-01]
166800 [1.71e+00, 4.91e-01, 2.54e-02, 3.86e-01]
167000 [1.71e+00, 4.89e-01, 2.54e-02, 3.86e-01]
167200 [1.71e+00, 4.87e-01, 2.54e-02, 3.86e-01]
167400 [1.71e+00, 4.85e-01, 2.54e-02, 3.86e-01]
167600 [1.71e+00, 4.83e-01, 2.54e-02, 3.86e-01]
167800 [1.71e+00, 4.81e-01, 2.54e-02, 3.86e-01]
168000 [1.71e+00, 4.79e-01, 2.54e-02, 3.86e-01]
168200 [1.71e+00, 4.77e-01, 2.54e-02, 3.86e-01]
168400 [1.70e+00, 4.75e-01, 2.55e-02, 3.85e-01]
168600 [1.70e+00, 4.73e-01, 2.55e-02, 3.85e-01]
168800 [1.70e+00, 4.71e-01, 2.54e-02, 3.85e-01]
169000 [1.70e+00, 4.68e-01, 2.54e-02, 3.85e-01]
169200 [1.70e+00, 4.65e-01, 2.55e-02, 3.83e-01]
169400 [1.70e+00, 4.64e-01, 2.54e-02, 3.83e-01]
169600 [1.70e+00, 4.64e-01, 2.55e-02, 3.84e-01]
169800 [1.70e+00, 4.63e-01, 2.55e-02, 3.84e-01]
170000 [1.70e+00, 4.62e-01, 2.55e-02, 3.85e-01]
170200 [1.70e+00, 4.61e-01, 2.55e-02, 3.85e-01]
170400 [1.70e+00, 4.59e-01, 2.55e-02, 3.85e-01]
170600 [1.70e+00, 4.57e-01, 2.55e-02, 3.85e-01]
170800 [1.70e+00, 4.55e-01, 2.55e-02, 3.85e-01]
171000 [1.69e+00, 4.53e-01, 2.55e-02, 3.85e-01]
171200 [1.69e+00, 4.51e-01, 2.55e-02, 3.85e-01]
171400 [1.69e+00, 4.50e-01, 2.55e-02, 3.85e-01]
171600 [1.69e+00, 4.48e-01, 2.55e-02, 3.85e-01]
171800 [1.69e+00, 4.46e-01, 2.55e-02, 3.85e-01]
172000 [1.69e+00, 4.44e-01, 2.55e-02, 3.85e-01]
172200 [1.69e+00, 4.42e-01, 2.56e-02, 3.85e-01]
172400 [1.69e+00, 4.40e-01, 2.55e-02, 3.85e-01]
172600 [1.69e+00, 4.38e-01, 2.56e-02, 3.85e-01]
172800 [1.69e+00, 4.36e-01, 2.55e-02, 3.84e-01]
173000 [1.69e+00, 4.34e-01, 2.56e-02, 3.84e-01]
173200 [1.69e+00, 4.32e-01, 2.55e-02, 3.84e-01]
173400 [1.69e+00, 4.30e-01, 2.55e-02, 3.84e-01]
173600 [1.69e+00, 4.28e-01, 2.55e-02, 3.84e-01]
173800 [1.69e+00, 4.26e-01, 2.55e-02, 3.84e-01]
174000 [1.68e+00, 4.24e-01, 2.56e-02, 3.84e-01]
174200 [1.68e+00, 4.23e-01, 2.56e-02, 3.84e-01]
174400 [1.68e+00, 4.21e-01, 2.56e-02, 3.84e-01]
174600 [1.68e+00, 4.19e-01, 2.57e-02, 3.84e-01]
174800 [1.68e+00, 4.17e-01, 2.56e-02, 3.84e-01]
175000 [1.68e+00, 4.15e-01, 2.55e-02, 3.84e-01]
175200 [1.68e+00, 4.13e-01, 2.56e-02, 3.84e-01]
175400 [1.68e+00, 4.11e-01, 2.56e-02, 3.83e-01]
175600 [1.68e+00, 4.10e-01, 2.56e-02, 3.84e-01]
175800 [1.68e+00, 4.09e-01, 2.56e-02, 3.84e-01]
176000 [1.68e+00, 4.08e-01, 2.56e-02, 3.85e-01]
176200 [1.68e+00, 4.06e-01, 2.56e-02, 3.85e-01]
176400 [1.68e+00, 4.04e-01, 2.56e-02, 3.85e-01]
176600 [1.68e+00, 4.02e-01, 2.56e-02, 3.85e-01]
176800 [1.68e+00, 4.01e-01, 2.56e-02, 3.84e-01]
177000 [1.67e+00, 3.99e-01, 2.56e-02, 3.85e-01]
177200 [1.67e+00, 3.97e-01, 2.56e-02, 3.84e-01]
177400 [1.67e+00, 3.96e-01, 2.56e-02, 3.84e-01]
177600 [1.67e+00, 3.94e-01, 2.56e-02, 3.85e-01]
177800 [1.67e+00, 3.92e-01, 2.57e-02, 3.84e-01]
178000 [1.67e+00, 3.91e-01, 2.56e-02, 3.84e-01]
178200 [1.67e+00, 3.89e-01, 2.56e-02, 3.84e-01]
178400 [1.67e+00, 3.87e-01, 2.56e-02, 3.84e-01]
178600 [1.67e+00, 3.85e-01, 2.56e-02, 3.84e-01]
178800 [1.67e+00, 3.84e-01, 2.57e-02, 3.84e-01]
179000 [1.67e+00, 3.82e-01, 2.57e-02, 3.84e-01]
179200 [1.67e+00, 3.80e-01, 2.57e-02, 3.84e-01]
179400 [1.67e+00, 3.78e-01, 2.56e-02, 3.84e-01]
179600 [1.67e+00, 3.77e-01, 2.56e-02, 3.84e-01]
179800 [1.67e+00, 3.75e-01, 2.56e-02, 3.84e-01]
180000 [1.67e+00, 3.74e-01, 2.57e-02, 3.84e-01]
180200 [1.66e+00, 3.72e-01, 2.56e-02, 3.84e-01]
180400 [1.66e+00, 3.64e-01, 2.56e-02, 3.83e-01]
180600 [1.66e+00, 3.64e-01, 2.57e-02, 3.82e-01]
180800 [1.66e+00, 3.64e-01, 2.57e-02, 3.83e-01]
181000 [1.66e+00, 3.64e-01, 2.57e-02, 3.84e-01]
181200 [1.66e+00, 3.64e-01, 2.57e-02, 3.84e-01]
181400 [1.66e+00, 3.64e-01, 2.57e-02, 3.85e-01]
181600 [1.66e+00, 3.63e-01, 2.57e-02, 3.85e-01]
181800 [1.66e+00, 3.63e-01, 2.57e-02, 3.84e-01]
182000 [1.66e+00, 3.61e-01, 2.56e-02, 3.84e-01]
182200 [1.66e+00, 3.60e-01, 2.57e-02, 3.84e-01]
182400 [1.66e+00, 3.59e-01, 2.56e-02, 3.84e-01]
182600 [1.66e+00, 3.58e-01, 2.57e-02, 3.84e-01]
182800 [1.66e+00, 3.57e-01, 2.57e-02, 3.84e-01]
183000 [1.65e+00, 3.56e-01, 2.57e-02, 3.84e-01]
183200 [1.65e+00, 3.54e-01, 2.57e-02, 3.84e-01]
183400 [1.65e+00, 3.53e-01, 2.57e-02, 3.84e-01]
183600 [1.65e+00, 3.51e-01, 2.56e-02, 3.84e-01]
183800 [1.65e+00, 3.50e-01, 2.57e-02, 3.84e-01]
184000 [1.65e+00, 3.48e-01, 2.57e-02, 3.84e-01]
184200 [1.65e+00, 3.47e-01, 2.57e-02, 3.84e-01]
184400 [1.65e+00, 3.46e-01, 2.57e-02, 3.84e-01]
184600 [1.65e+00, 3.44e-01, 2.57e-02, 3.84e-01]
184800 [1.65e+00, 3.43e-01, 2.57e-02, 3.84e-01]
185000 [1.65e+00, 3.41e-01, 2.57e-02, 3.84e-01]
185200 [1.65e+00, 3.40e-01, 2.56e-02, 3.84e-01]
185400 [1.65e+00, 3.38e-01, 2.57e-02, 3.84e-01]
185600 [1.65e+00, 3.36e-01, 2.57e-02, 3.84e-01]
185800 [1.65e+00, 3.35e-01, 2.57e-02, 3.84e-01]
186000 [1.65e+00, 3.33e-01, 2.57e-02, 3.84e-01]
186200 [1.65e+00, 3.32e-01, 2.57e-02, 3.84e-01]
186400 [1.64e+00, 3.30e-01, 2.57e-02, 3.84e-01]
186600 [1.64e+00, 3.29e-01, 2.57e-02, 3.84e-01]
186800 [1.64e+00, 3.27e-01, 2.57e-02, 3.84e-01]
187000 [1.64e+00, 3.26e-01, 2.57e-02, 3.84e-01]
187200 [1.64e+00, 3.24e-01, 2.57e-02, 3.84e-01]
187400 [1.64e+00, 3.23e-01, 2.57e-02, 3.84e-01]
187600 [1.64e+00, 3.21e-01, 2.57e-02, 3.84e-01]
187800 [1.64e+00, 3.20e-01, 2.57e-02, 3.84e-01]
188000 [1.64e+00, 3.18e-01, 2.57e-02, 3.84e-01]
188200 [1.64e+00, 3.17e-01, 2.57e-02, 3.83e-01]
188400 [1.64e+00, 3.14e-01, 2.57e-02, 3.83e-01]
188600 [1.64e+00, 3.14e-01, 2.57e-02, 3.83e-01]
188800 [1.64e+00, 3.12e-01, 2.57e-02, 3.83e-01]
189000 [1.64e+00, 3.11e-01, 2.57e-02, 3.83e-01]
189200 [1.64e+00, 3.09e-01, 2.57e-02, 3.83e-01]
189400 [1.64e+00, 3.07e-01, 2.57e-02, 3.83e-01]
189600 [1.64e+00, 3.06e-01, 2.57e-02, 3.83e-01]
189800 [1.63e+00, 3.04e-01, 2.57e-02, 3.83e-01]
190000 [1.63e+00, 3.01e-01, 2.57e-02, 3.82e-01]
190200 [1.63e+00, 3.01e-01, 2.58e-02, 3.82e-01]
190400 [1.63e+00, 3.00e-01, 2.57e-02, 3.82e-01]
190600 [1.63e+00, 2.99e-01, 2.58e-02, 3.82e-01]
190800 [1.63e+00, 2.97e-01, 2.57e-02, 3.82e-01]
191000 [1.63e+00, 2.95e-01, 2.58e-02, 3.82e-01]
191200 [1.63e+00, 2.94e-01, 2.58e-02, 3.82e-01]
191400 [1.63e+00, 2.92e-01, 2.58e-02, 3.82e-01]
191600 [1.63e+00, 2.90e-01, 2.58e-02, 3.82e-01]
191800 [1.63e+00, 2.89e-01, 2.58e-02, 3.82e-01]
192000 [1.63e+00, 2.88e-01, 2.58e-02, 3.82e-01]
192200 [1.63e+00, 2.86e-01, 2.58e-02, 3.82e-01]
192400 [1.63e+00, 2.85e-01, 2.58e-02, 3.81e-01]
192600 [1.63e+00, 2.84e-01, 2.58e-02, 3.82e-01]
192800 [1.63e+00, 2.82e-01, 2.58e-02, 3.81e-01]
193000 [1.63e+00, 2.80e-01, 2.58e-02, 3.81e-01]
193200 [1.62e+00, 2.79e-01, 2.57e-02, 3.81e-01]
193400 [1.62e+00, 2.77e-01, 2.58e-02, 3.81e-01]
193600 [1.62e+00, 2.76e-01, 2.58e-02, 3.81e-01]
193800 [1.62e+00, 2.75e-01, 2.58e-02, 3.81e-01]
194000 [1.62e+00, 2.73e-01, 2.58e-02, 3.81e-01]
194200 [1.62e+00, 2.72e-01, 2.58e-02, 3.81e-01]
194400 [1.62e+00, 2.70e-01, 2.58e-02, 3.81e-01]
194600 [1.62e+00, 2.69e-01, 2.58e-02, 3.81e-01]
194800 [1.62e+00, 2.68e-01, 2.58e-02, 3.81e-01]
195000 [1.62e+00, 2.66e-01, 2.58e-02, 3.81e-01]
195200 [1.62e+00, 2.64e-01, 2.58e-02, 3.81e-01]
195400 [1.62e+00, 2.61e-01, 2.59e-02, 3.79e-01]
195600 [1.62e+00, 2.60e-01, 2.58e-02, 3.79e-01]
195800 [1.62e+00, 2.60e-01, 2.58e-02, 3.80e-01]
196000 [1.62e+00, 2.59e-01, 2.58e-02, 3.80e-01]
196200 [1.62e+00, 2.57e-01, 2.59e-02, 3.80e-01]
196400 [1.62e+00, 2.56e-01, 2.58e-02, 3.80e-01]
196600 [1.61e+00, 2.55e-01, 2.58e-02, 3.80e-01]
196800 [1.61e+00, 2.54e-01, 2.58e-02, 3.80e-01]
197000 [1.61e+00, 2.52e-01, 2.58e-02, 3.80e-01]
197200 [1.61e+00, 2.51e-01, 2.58e-02, 3.80e-01]
197400 [1.61e+00, 2.49e-01, 2.58e-02, 3.80e-01]
197600 [1.61e+00, 2.48e-01, 2.58e-02, 3.80e-01]
197800 [1.61e+00, 2.46e-01, 2.58e-02, 3.80e-01]
198000 [1.61e+00, 2.45e-01, 2.58e-02, 3.80e-01]
198200 [1.61e+00, 2.44e-01, 2.58e-02, 3.80e-01]
198400 [1.61e+00, 2.42e-01, 2.59e-02, 3.80e-01]
198600 [1.61e+00, 2.41e-01, 2.59e-02, 3.80e-01]
198800 [1.61e+00, 2.40e-01, 2.58e-02, 3.80e-01]
199000 [1.61e+00, 2.38e-01, 2.59e-02, 3.80e-01]
199200 [1.61e+00, 2.37e-01, 2.58e-02, 3.80e-01]
199400 [1.61e+00, 2.35e-01, 2.59e-02, 3.80e-01]
199600 [1.61e+00, 2.34e-01, 2.59e-02, 3.80e-01]
199800 [1.61e+00, 2.32e-01, 2.58e-02, 3.80e-01]
200000 [1.60e+00, 2.31e-01, 2.59e-02, 3.80e-01]
200200 [1.60e+00, 2.30e-01, 2.59e-02, 3.80e-01]
200400 [1.60e+00, 2.29e-01, 2.59e-02, 3.80e-01]
200600 [1.60e+00, 2.28e-01, 2.58e-02, 3.80e-01]
200800 [1.60e+00, 2.27e-01, 2.59e-02, 3.76e-01]
201000 [1.60e+00, 2.27e-01, 2.59e-02, 3.77e-01]
201200 [1.60e+00, 2.26e-01, 2.59e-02, 3.78e-01]
201400 [1.60e+00, 2.26e-01, 2.59e-02, 3.79e-01]
201600 [1.60e+00, 2.26e-01, 2.59e-02, 3.79e-01]
201800 [1.60e+00, 2.25e-01, 2.60e-02, 3.79e-01]
202000 [1.60e+00, 2.25e-01, 2.59e-02, 3.80e-01]
202200 [1.60e+00, 2.24e-01, 2.59e-02, 3.80e-01]
202400 [1.60e+00, 2.23e-01, 2.59e-02, 3.79e-01]
202600 [1.60e+00, 2.23e-01, 2.59e-02, 3.80e-01]
202800 [1.60e+00, 2.22e-01, 2.59e-02, 3.79e-01]
203000 [1.60e+00, 2.22e-01, 2.59e-02, 3.79e-01]
203200 [1.59e+00, 2.21e-01, 2.59e-02, 3.80e-01]
203400 [1.59e+00, 2.20e-01, 2.59e-02, 3.80e-01]
203600 [1.59e+00, 2.19e-01, 2.59e-02, 3.80e-01]
203800 [1.59e+00, 2.18e-01, 2.60e-02, 3.80e-01]
204000 [1.59e+00, 2.17e-01, 2.60e-02, 3.80e-01]
204200 [1.59e+00, 2.16e-01, 2.60e-02, 3.80e-01]
204400 [1.59e+00, 2.15e-01, 2.59e-02, 3.80e-01]
204600 [1.59e+00, 2.13e-01, 2.60e-02, 3.80e-01]
204800 [1.59e+00, 2.12e-01, 2.59e-02, 3.80e-01]
205000 [1.59e+00, 2.11e-01, 2.60e-02, 3.80e-01]
205200 [1.59e+00, 2.10e-01, 2.59e-02, 3.80e-01]
205400 [1.59e+00, 2.09e-01, 2.60e-02, 3.80e-01]
205600 [1.59e+00, 2.07e-01, 2.60e-02, 3.80e-01]
205800 [1.59e+00, 2.06e-01, 2.59e-02, 3.80e-01]
206000 [1.59e+00, 2.05e-01, 2.60e-02, 3.80e-01]
206200 [1.59e+00, 2.03e-01, 2.60e-02, 3.80e-01]
206400 [1.58e+00, 2.01e-01, 2.60e-02, 3.80e-01]
206600 [1.58e+00, 2.00e-01, 2.60e-02, 3.80e-01]
206800 [1.58e+00, 1.99e-01, 2.60e-02, 3.79e-01]
207000 [1.58e+00, 1.97e-01, 2.60e-02, 3.79e-01]
207200 [1.58e+00, 1.96e-01, 2.60e-02, 3.80e-01]
207400 [1.58e+00, 1.93e-01, 2.60e-02, 3.79e-01]
207600 [1.58e+00, 1.93e-01, 2.60e-02, 3.79e-01]
207800 [1.58e+00, 1.92e-01, 2.60e-02, 3.79e-01]
208000 [1.58e+00, 1.91e-01, 2.60e-02, 3.79e-01]
208200 [1.58e+00, 1.90e-01, 2.60e-02, 3.79e-01]
208400 [1.58e+00, 1.89e-01, 2.60e-02, 3.79e-01]
208600 [1.58e+00, 1.87e-01, 2.60e-02, 3.79e-01]
208800 [1.58e+00, 1.86e-01, 2.60e-02, 3.79e-01]
209000 [1.58e+00, 1.85e-01, 2.60e-02, 3.79e-01]
209200 [1.58e+00, 1.84e-01, 2.61e-02, 3.79e-01]
209400 [1.58e+00, 1.83e-01, 2.60e-02, 3.79e-01]
209600 [1.57e+00, 1.81e-01, 2.60e-02, 3.79e-01]
209800 [1.57e+00, 1.80e-01, 2.61e-02, 3.79e-01]
210000 [1.57e+00, 1.79e-01, 2.61e-02, 3.79e-01]
210200 [1.57e+00, 1.78e-01, 2.61e-02, 3.79e-01]
210400 [1.57e+00, 1.77e-01, 2.61e-02, 3.78e-01]
210600 [1.57e+00, 1.76e-01, 2.61e-02, 3.79e-01]
210800 [1.57e+00, 1.76e-01, 2.61e-02, 3.79e-01]
211000 [1.57e+00, 1.74e-01, 2.61e-02, 3.79e-01]
211200 [1.57e+00, 1.73e-01, 2.61e-02, 3.79e-01]
211400 [1.57e+00, 1.71e-01, 2.61e-02, 3.79e-01]
211600 [1.57e+00, 1.70e-01, 2.61e-02, 3.78e-01]
211800 [1.57e+00, 1.69e-01, 2.60e-02, 3.78e-01]
212000 [1.57e+00, 1.68e-01, 2.60e-02, 3.78e-01]
212200 [1.57e+00, 1.64e-01, 2.61e-02, 3.76e-01]
212400 [1.57e+00, 1.64e-01, 2.61e-02, 3.77e-01]
212600 [1.57e+00, 1.64e-01, 2.61e-02, 3.77e-01]
212800 [1.56e+00, 1.63e-01, 2.61e-02, 3.78e-01]
213000 [1.56e+00, 1.62e-01, 2.61e-02, 3.78e-01]
213200 [1.56e+00, 1.61e-01, 2.61e-02, 3.78e-01]
213400 [1.56e+00, 1.60e-01, 2.61e-02, 3.78e-01]
213600 [1.56e+00, 1.59e-01, 2.61e-02, 3.78e-01]
213800 [1.56e+00, 1.57e-01, 2.61e-02, 3.78e-01]
214000 [1.56e+00, 1.56e-01, 2.61e-02, 3.77e-01]
214200 [1.56e+00, 1.55e-01, 2.62e-02, 3.77e-01]
214400 [1.56e+00, 1.54e-01, 2.62e-02, 3.77e-01]
214600 [1.56e+00, 1.53e-01, 2.61e-02, 3.77e-01]
214800 [1.56e+00, 1.53e-01, 2.61e-02, 3.77e-01]
215000 [1.56e+00, 1.51e-01, 2.61e-02, 3.77e-01]
215200 [1.56e+00, 1.50e-01, 2.61e-02, 3.77e-01]
215400 [1.56e+00, 1.49e-01, 2.61e-02, 3.77e-01]
215600 [1.56e+00, 1.48e-01, 2.62e-02, 3.77e-01]
215800 [1.55e+00, 1.47e-01, 2.62e-02, 3.77e-01]
216000 [1.55e+00, 1.46e-01, 2.61e-02, 3.76e-01]
216200 [1.55e+00, 1.45e-01, 2.62e-02, 3.76e-01]
216400 [1.55e+00, 1.44e-01, 2.61e-02, 3.76e-01]
216600 [1.55e+00, 1.43e-01, 2.62e-02, 3.76e-01]
216800 [1.55e+00, 1.38e-01, 2.61e-02, 3.69e-01]
217000 [1.55e+00, 1.39e-01, 2.62e-02, 3.68e-01]
217200 [1.55e+00, 1.39e-01, 2.62e-02, 3.69e-01]
217400 [1.55e+00, 1.39e-01, 2.62e-02, 3.71e-01]
217600 [1.55e+00, 1.39e-01, 2.63e-02, 3.72e-01]
217800 [1.55e+00, 1.40e-01, 2.63e-02, 3.72e-01]
218000 [1.55e+00, 1.40e-01, 2.63e-02, 3.72e-01]
218200 [1.55e+00, 1.41e-01, 2.63e-02, 3.73e-01]
218400 [1.55e+00, 1.41e-01, 2.63e-02, 3.72e-01]
218600 [1.55e+00, 1.41e-01, 2.62e-02, 3.72e-01]
218800 [1.55e+00, 1.41e-01, 2.64e-02, 3.72e-01]
219000 [1.55e+00, 1.42e-01, 2.63e-02, 3.71e-01]
219200 [1.55e+00, 1.41e-01, 2.63e-02, 3.71e-01]
219400 [1.55e+00, 1.41e-01, 2.64e-02, 3.70e-01]
219600 [1.54e+00, 1.41e-01, 2.63e-02, 3.70e-01]
219800 [1.54e+00, 1.40e-01, 2.63e-02, 3.69e-01]
220000 [1.54e+00, 1.40e-01, 2.63e-02, 3.69e-01]
220200 [1.54e+00, 1.39e-01, 2.63e-02, 3.69e-01]
220400 [1.54e+00, 1.39e-01, 2.63e-02, 3.68e-01]
220600 [1.54e+00, 1.38e-01, 2.64e-02, 3.67e-01]
220800 [1.54e+00, 1.38e-01, 2.63e-02, 3.67e-01]
221000 [1.54e+00, 1.37e-01, 2.63e-02, 3.67e-01]
221200 [1.54e+00, 1.36e-01, 2.63e-02, 3.67e-01]
221400 [1.53e+00, 1.36e-01, 2.62e-02, 3.67e-01]
221600 [1.53e+00, 1.35e-01, 2.63e-02, 3.67e-01]
221800 [1.53e+00, 1.35e-01, 2.64e-02, 3.67e-01]
222000 [1.53e+00, 1.34e-01, 2.64e-02, 3.68e-01]
222200 [1.53e+00, 1.33e-01, 2.64e-02, 3.68e-01]
