0 [1.00e+00, 1.00e+00]
200 [1.00e+00, 9.86e-01]
400 [1.01e+00, 9.90e-01]
600 [1.01e+00, 9.95e-01]
800 [1.02e+00, 1.00e+00]
1000 [1.02e+00, 1.01e+00]
1200 [1.03e+00, 1.01e+00]
1400 [1.04e+00, 1.02e+00]
1600 [1.05e+00, 1.03e+00]
1800 [1.06e+00, 1.04e+00]
2000 [1.07e+00, 1.04e+00]
2200 [1.08e+00, 1.05e+00]
2400 [1.09e+00, 1.06e+00]
2600 [1.10e+00, 1.07e+00]
2800 [1.11e+00, 1.08e+00]
3000 [1.13e+00, 1.09e+00]
3200 [1.14e+00, 1.10e+00]
3400 [1.15e+00, 1.11e+00]
3600 [1.16e+00, 1.12e+00]
3800 [1.17e+00, 1.13e+00]
4000 [1.19e+00, 1.14e+00]
4200 [1.20e+00, 1.15e+00]
4400 [1.21e+00, 1.16e+00]
4600 [1.22e+00, 1.16e+00]
4800 [1.23e+00, 1.17e+00]
5000 [1.24e+00, 1.18e+00]
5200 [1.25e+00, 1.19e+00]
5400 [1.26e+00, 1.20e+00]
5600 [1.27e+00, 1.20e+00]
5800 [1.28e+00, 1.21e+00]
6000 [1.29e+00, 1.22e+00]
6200 [1.29e+00, 1.22e+00]
6400 [1.30e+00, 1.23e+00]
6600 [1.31e+00, 1.23e+00]
6800 [1.32e+00, 1.24e+00]
7000 [1.32e+00, 1.24e+00]
7200 [1.33e+00, 1.24e+00]
7400 [1.33e+00, 1.25e+00]
7600 [1.33e+00, 1.25e+00]
7800 [1.34e+00, 1.25e+00]
8000 [1.34e+00, 1.25e+00]
8200 [1.34e+00, 1.26e+00]
8400 [1.34e+00, 1.26e+00]
8600 [1.35e+00, 1.26e+00]
8800 [1.35e+00, 1.27e+00]
9000 [1.36e+00, 1.27e+00]
9200 [1.36e+00, 1.28e+00]
9400 [1.36e+00, 1.28e+00]
9600 [1.37e+00, 1.28e+00]
9800 [1.37e+00, 1.29e+00]
10000 [1.38e+00, 1.29e+00]
10200 [1.38e+00, 1.30e+00]
10400 [1.38e+00, 1.30e+00]
10600 [1.38e+00, 1.31e+00]
10800 [1.39e+00, 1.31e+00]
11000 [1.39e+00, 1.31e+00]
11200 [1.39e+00, 1.32e+00]
11400 [1.40e+00, 1.32e+00]
11600 [1.40e+00, 1.32e+00]
11800 [1.40e+00, 1.32e+00]
12000 [1.40e+00, 1.33e+00]
12200 [1.40e+00, 1.33e+00]
12400 [1.41e+00, 1.33e+00]
12600 [1.41e+00, 1.33e+00]
12800 [1.41e+00, 1.34e+00]
13000 [1.41e+00, 1.34e+00]
13200 [1.41e+00, 1.34e+00]
13400 [1.42e+00, 1.34e+00]
13600 [1.42e+00, 1.34e+00]
13800 [1.42e+00, 1.35e+00]
14000 [1.42e+00, 1.35e+00]
14200 [1.42e+00, 1.35e+00]
14400 [1.42e+00, 1.35e+00]
14600 [1.42e+00, 1.35e+00]
14800 [1.43e+00, 1.35e+00]
15000 [1.43e+00, 1.35e+00]
15200 [1.43e+00, 1.35e+00]
15400 [1.43e+00, 1.35e+00]
15600 [1.43e+00, 1.36e+00]
15800 [1.43e+00, 1.36e+00]
16000 [1.43e+00, 1.36e+00]
16200 [1.43e+00, 1.36e+00]
16400 [1.43e+00, 1.36e+00]
16600 [1.43e+00, 1.36e+00]
16800 [1.44e+00, 1.36e+00]
17000 [1.44e+00, 1.36e+00]
17200 [1.44e+00, 1.36e+00]
17400 [1.44e+00, 1.36e+00]
17600 [1.44e+00, 1.36e+00]
17800 [1.44e+00, 1.36e+00]
18000 [1.44e+00, 1.36e+00]
18200 [1.44e+00, 1.36e+00]
18400 [1.44e+00, 1.36e+00]
18600 [1.44e+00, 1.36e+00]
18800 [1.44e+00, 1.36e+00]
19000 [1.44e+00, 1.36e+00]
19200 [1.44e+00, 1.36e+00]
19400 [1.44e+00, 1.37e+00]
19600 [1.44e+00, 1.37e+00]
19800 [1.44e+00, 1.37e+00]
20000 [1.44e+00, 1.37e+00]
20200 [1.44e+00, 1.37e+00]
20400 [1.44e+00, 1.37e+00]
20600 [1.45e+00, 1.37e+00]
20800 [1.45e+00, 1.37e+00]
21000 [1.45e+00, 1.37e+00]
21200 [1.45e+00, 1.37e+00]
21400 [1.45e+00, 1.37e+00]
21600 [1.45e+00, 1.37e+00]
21800 [1.45e+00, 1.37e+00]
22000 [1.45e+00, 1.37e+00]
22200 [1.45e+00, 1.37e+00]
22400 [1.45e+00, 1.37e+00]
22600 [1.45e+00, 1.37e+00]
22800 [1.45e+00, 1.37e+00]
23000 [1.45e+00, 1.37e+00]
23200 [1.45e+00, 1.36e+00]
23400 [1.45e+00, 1.36e+00]
23600 [1.45e+00, 1.36e+00]
23800 [1.45e+00, 1.36e+00]
24000 [1.45e+00, 1.36e+00]
24200 [1.45e+00, 1.36e+00]
24400 [1.45e+00, 1.36e+00]
24600 [1.45e+00, 1.36e+00]
24800 [1.45e+00, 1.36e+00]
25000 [1.45e+00, 1.36e+00]
25200 [1.45e+00, 1.36e+00]
25400 [1.45e+00, 1.36e+00]
25600 [1.45e+00, 1.36e+00]
25800 [1.45e+00, 1.36e+00]
26000 [1.45e+00, 1.36e+00]
26200 [1.45e+00, 1.36e+00]
26400 [1.45e+00, 1.36e+00]
26600 [1.45e+00, 1.36e+00]
26800 [1.45e+00, 1.36e+00]
27000 [1.45e+00, 1.36e+00]
27200 [1.45e+00, 1.36e+00]
27400 [1.45e+00, 1.36e+00]
27600 [1.45e+00, 1.36e+00]
27800 [1.45e+00, 1.36e+00]
28000 [1.45e+00, 1.36e+00]
28200 [1.45e+00, 1.36e+00]
28400 [1.45e+00, 1.36e+00]
28600 [1.45e+00, 1.36e+00]
28800 [1.45e+00, 1.36e+00]
29000 [1.45e+00, 1.36e+00]
29200 [1.45e+00, 1.36e+00]
29400 [1.45e+00, 1.36e+00]
29600 [1.45e+00, 1.36e+00]
29800 [1.45e+00, 1.36e+00]
30000 [1.45e+00, 1.36e+00]
30200 [1.45e+00, 1.36e+00]
30400 [1.46e+00, 1.36e+00]
30600 [1.46e+00, 1.36e+00]
30800 [1.46e+00, 1.36e+00]
31000 [1.46e+00, 1.36e+00]
31200 [1.46e+00, 1.36e+00]
31400 [1.46e+00, 1.35e+00]
31600 [1.46e+00, 1.35e+00]
31800 [1.46e+00, 1.35e+00]
32000 [1.46e+00, 1.35e+00]
32200 [1.46e+00, 1.35e+00]
32400 [1.46e+00, 1.35e+00]
32600 [1.46e+00, 1.35e+00]
32800 [1.46e+00, 1.35e+00]
33000 [1.46e+00, 1.35e+00]
33200 [1.46e+00, 1.35e+00]
33400 [1.46e+00, 1.35e+00]
33600 [1.46e+00, 1.35e+00]
33800 [1.46e+00, 1.35e+00]
34000 [1.46e+00, 1.35e+00]
34200 [1.46e+00, 1.35e+00]
34400 [1.46e+00, 1.35e+00]
34600 [1.46e+00, 1.35e+00]
34800 [1.46e+00, 1.35e+00]
35000 [1.46e+00, 1.35e+00]
35200 [1.46e+00, 1.35e+00]
35400 [1.46e+00, 1.35e+00]
35600 [1.46e+00, 1.34e+00]
35800 [1.46e+00, 1.34e+00]
36000 [1.46e+00, 1.34e+00]
36200 [1.46e+00, 1.34e+00]
36400 [1.46e+00, 1.34e+00]
36600 [1.46e+00, 1.34e+00]
36800 [1.46e+00, 1.34e+00]
37000 [1.46e+00, 1.34e+00]
37200 [1.46e+00, 1.34e+00]
37400 [1.46e+00, 1.34e+00]
37600 [1.46e+00, 1.34e+00]
37800 [1.46e+00, 1.34e+00]
38000 [1.46e+00, 1.34e+00]
38200 [1.46e+00, 1.34e+00]
38400 [1.46e+00, 1.34e+00]
38600 [1.46e+00, 1.34e+00]
38800 [1.46e+00, 1.34e+00]
39000 [1.46e+00, 1.34e+00]
39200 [1.46e+00, 1.34e+00]
39400 [1.46e+00, 1.34e+00]
39600 [1.46e+00, 1.33e+00]
39800 [1.46e+00, 1.33e+00]
40000 [1.46e+00, 1.33e+00]
40200 [1.46e+00, 1.33e+00]
40400 [1.46e+00, 1.33e+00]
40600 [1.46e+00, 1.33e+00]
40800 [1.46e+00, 1.33e+00]
41000 [1.46e+00, 1.33e+00]
41200 [1.46e+00, 1.33e+00]
41400 [1.46e+00, 1.33e+00]
41600 [1.46e+00, 1.33e+00]
41800 [1.46e+00, 1.33e+00]
42000 [1.46e+00, 1.33e+00]
42200 [1.46e+00, 1.33e+00]
42400 [1.46e+00, 1.33e+00]
42600 [1.46e+00, 1.33e+00]
42800 [1.46e+00, 1.33e+00]
43000 [1.46e+00, 1.33e+00]
43200 [1.46e+00, 1.33e+00]
43400 [1.46e+00, 1.33e+00]
43600 [1.46e+00, 1.33e+00]
43800 [1.46e+00, 1.33e+00]
44000 [1.46e+00, 1.33e+00]
44200 [1.46e+00, 1.33e+00]
44400 [1.46e+00, 1.33e+00]
44600 [1.46e+00, 1.32e+00]
44800 [1.46e+00, 1.32e+00]
45000 [1.46e+00, 1.32e+00]
45200 [1.46e+00, 1.32e+00]
45400 [1.46e+00, 1.32e+00]
45600 [1.46e+00, 1.32e+00]
45800 [1.46e+00, 1.32e+00]
46000 [1.46e+00, 1.32e+00]
46200 [1.46e+00, 1.32e+00]
46400 [1.46e+00, 1.32e+00]
46600 [1.46e+00, 1.32e+00]
46800 [1.46e+00, 1.32e+00]
47000 [1.46e+00, 1.32e+00]
47200 [1.46e+00, 1.32e+00]
47400 [1.46e+00, 1.32e+00]
47600 [1.46e+00, 1.32e+00]
47800 [1.46e+00, 1.32e+00]
48000 [1.46e+00, 1.32e+00]
48200 [1.46e+00, 1.32e+00]
48400 [1.46e+00, 1.32e+00]
48600 [1.46e+00, 1.32e+00]
48800 [1.46e+00, 1.32e+00]
49000 [1.46e+00, 1.31e+00]
49200 [1.46e+00, 1.31e+00]
49400 [1.46e+00, 1.31e+00]
49600 [1.46e+00, 1.31e+00]
49800 [1.46e+00, 1.31e+00]
50000 [1.46e+00, 1.31e+00]
50200 [1.46e+00, 1.31e+00]
50400 [1.46e+00, 1.31e+00]
50600 [1.46e+00, 1.31e+00]
50800 [1.46e+00, 1.31e+00]
51000 [1.46e+00, 1.31e+00]
51200 [1.46e+00, 1.31e+00]
51400 [1.46e+00, 1.31e+00]
51600 [1.46e+00, 1.31e+00]
51800 [1.46e+00, 1.31e+00]
52000 [1.46e+00, 1.31e+00]
52200 [1.46e+00, 1.31e+00]
52400 [1.46e+00, 1.31e+00]
52600 [1.46e+00, 1.31e+00]
52800 [1.46e+00, 1.31e+00]
53000 [1.46e+00, 1.31e+00]
53200 [1.46e+00, 1.31e+00]
53400 [1.46e+00, 1.31e+00]
53600 [1.46e+00, 1.31e+00]
53800 [1.46e+00, 1.31e+00]
54000 [1.46e+00, 1.31e+00]
54200 [1.46e+00, 1.31e+00]
54400 [1.46e+00, 1.31e+00]
54600 [1.46e+00, 1.31e+00]
54800 [1.46e+00, 1.31e+00]
55000 [1.46e+00, 1.31e+00]
55200 [1.46e+00, 1.31e+00]
55400 [1.46e+00, 1.30e+00]
55600 [1.46e+00, 1.30e+00]
55800 [1.46e+00, 1.30e+00]
56000 [1.46e+00, 1.30e+00]
56200 [1.46e+00, 1.30e+00]
56400 [1.46e+00, 1.30e+00]
56600 [1.46e+00, 1.30e+00]
56800 [1.46e+00, 1.30e+00]
57000 [1.46e+00, 1.30e+00]
57200 [1.46e+00, 1.30e+00]
57400 [1.46e+00, 1.30e+00]
57600 [1.46e+00, 1.30e+00]
57800 [1.46e+00, 1.30e+00]
58000 [1.46e+00, 1.30e+00]
58200 [1.46e+00, 1.30e+00]
58400 [1.46e+00, 1.30e+00]
58600 [1.46e+00, 1.30e+00]
58800 [1.46e+00, 1.30e+00]
59000 [1.46e+00, 1.30e+00]
59200 [1.46e+00, 1.30e+00]
59400 [1.46e+00, 1.30e+00]
59600 [1.46e+00, 1.30e+00]
59800 [1.46e+00, 1.30e+00]
60000 [1.46e+00, 1.30e+00]
60200 [1.46e+00, 1.30e+00]
60400 [1.46e+00, 1.30e+00]
60600 [1.46e+00, 1.30e+00]
60800 [1.46e+00, 1.30e+00]
61000 [1.46e+00, 1.30e+00]
61200 [1.46e+00, 1.30e+00]
61400 [1.46e+00, 1.30e+00]
61600 [1.46e+00, 1.30e+00]
61800 [1.46e+00, 1.30e+00]
62000 [1.46e+00, 1.30e+00]
62200 [1.46e+00, 1.30e+00]
62400 [1.46e+00, 1.30e+00]
62600 [1.46e+00, 1.30e+00]
62800 [1.46e+00, 1.30e+00]
63000 [1.46e+00, 1.30e+00]
63200 [1.46e+00, 1.30e+00]
63400 [1.46e+00, 1.30e+00]
63600 [1.46e+00, 1.30e+00]
63800 [1.46e+00, 1.30e+00]
64000 [1.46e+00, 1.30e+00]
64200 [1.46e+00, 1.30e+00]
64400 [1.46e+00, 1.30e+00]
64600 [1.46e+00, 1.30e+00]
64800 [1.46e+00, 1.30e+00]
65000 [1.46e+00, 1.30e+00]
65200 [1.46e+00, 1.30e+00]
65400 [1.46e+00, 1.30e+00]
65600 [1.46e+00, 1.30e+00]
65800 [1.46e+00, 1.30e+00]
66000 [1.46e+00, 1.30e+00]
66200 [1.46e+00, 1.30e+00]
66400 [1.46e+00, 1.30e+00]
66600 [1.46e+00, 1.30e+00]
66800 [1.46e+00, 1.30e+00]
67000 [1.46e+00, 1.30e+00]
67200 [1.46e+00, 1.30e+00]
67400 [1.46e+00, 1.30e+00]
67600 [1.46e+00, 1.30e+00]
67800 [1.46e+00, 1.30e+00]
68000 [1.46e+00, 1.30e+00]
68200 [1.46e+00, 1.30e+00]
68400 [1.46e+00, 1.30e+00]
68600 [1.46e+00, 1.30e+00]
68800 [1.46e+00, 1.30e+00]
69000 [1.46e+00, 1.30e+00]
69200 [1.46e+00, 1.30e+00]
69400 [1.46e+00, 1.30e+00]
69600 [1.46e+00, 1.30e+00]
69800 [1.46e+00, 1.29e+00]
70000 [1.46e+00, 1.29e+00]
70200 [1.46e+00, 1.29e+00]
70400 [1.46e+00, 1.29e+00]
70600 [1.46e+00, 1.29e+00]
70800 [1.46e+00, 1.29e+00]
71000 [1.46e+00, 1.29e+00]
71200 [1.46e+00, 1.29e+00]
71400 [1.46e+00, 1.29e+00]
71600 [1.46e+00, 1.29e+00]
71800 [1.46e+00, 1.29e+00]
72000 [1.46e+00, 1.29e+00]
72200 [1.46e+00, 1.29e+00]
72400 [1.46e+00, 1.29e+00]
72600 [1.46e+00, 1.29e+00]
72800 [1.46e+00, 1.29e+00]
73000 [1.46e+00, 1.29e+00]
73200 [1.46e+00, 1.29e+00]
