0 [1.00e+00, 1.00e+00]
200 [9.85e-01, 1.00e+00]
400 [9.85e-01, 1.00e+00]
600 [9.86e-01, 1.00e+00]
800 [9.86e-01, 1.00e+00]
1000 [9.87e-01, 1.00e+00]
1200 [9.88e-01, 9.99e-01]
1400 [9.89e-01, 9.98e-01]
1600 [9.90e-01, 9.98e-01]
1800 [9.91e-01, 9.97e-01]
2000 [9.92e-01, 9.96e-01]
2200 [9.94e-01, 9.95e-01]
2400 [9.95e-01, 9.93e-01]
2600 [9.95e-01, 9.92e-01]
2800 [9.97e-01, 9.90e-01]
3000 [9.97e-01, 9.88e-01]
3200 [9.99e-01, 9.86e-01]
3400 [9.98e-01, 9.83e-01]
3600 [1.00e+00, 9.81e-01]
3800 [1.00e+00, 9.79e-01]
4000 [1.00e+00, 9.75e-01]
4200 [1.01e+00, 9.72e-01]
4400 [1.01e+00, 9.68e-01]
4600 [1.01e+00, 9.64e-01]
4800 [1.01e+00, 9.60e-01]
5000 [1.01e+00, 9.55e-01]
5200 [1.02e+00, 9.50e-01]
5400 [1.02e+00, 9.43e-01]
5600 [1.02e+00, 9.37e-01]
5800 [1.03e+00, 9.30e-01]
6000 [1.03e+00, 9.23e-01]
6200 [1.04e+00, 9.15e-01]
6400 [1.04e+00, 9.05e-01]
6600 [1.04e+00, 8.96e-01]
6800 [1.05e+00, 8.85e-01]
7000 [1.05e+00, 8.74e-01]
7200 [1.05e+00, 8.60e-01]
7400 [1.06e+00, 8.47e-01]
7600 [1.06e+00, 8.32e-01]
7800 [1.07e+00, 8.17e-01]
8000 [1.07e+00, 7.98e-01]
8200 [1.07e+00, 7.79e-01]
8400 [1.08e+00, 7.60e-01]
8600 [1.08e+00, 7.37e-01]
8800 [1.09e+00, 7.13e-01]
9000 [1.09e+00, 6.89e-01]
9200 [1.10e+00, 6.62e-01]
9400 [1.10e+00, 6.33e-01]
9600 [1.10e+00, 6.03e-01]
9800 [1.11e+00, 5.70e-01]
10000 [1.11e+00, 5.35e-01]
10200 [1.11e+00, 4.99e-01]
10400 [1.12e+00, 4.61e-01]
10600 [1.12e+00, 4.21e-01]
10800 [1.12e+00, 3.79e-01]
11000 [1.13e+00, 3.36e-01]
11200 [1.13e+00, 2.92e-01]
11400 [1.13e+00, 2.47e-01]
11600 [1.13e+00, 2.00e-01]
11800 [1.14e+00, 1.50e-01]
12000 [1.14e+00, 1.03e-01]
12200 [1.14e+00, 5.55e-02]
12400 [1.14e+00, 7.23e-03]
12600 [1.15e+00, -4.06e-02]
12800 [1.15e+00, -8.83e-02]
13000 [1.15e+00, -1.34e-01]
13200 [1.15e+00, -1.80e-01]
13400 [1.15e+00, -2.24e-01]
13600 [1.16e+00, -2.62e-01]
13800 [1.16e+00, -3.02e-01]
14000 [1.16e+00, -3.38e-01]
14200 [1.16e+00, -3.76e-01]
14400 [1.16e+00, -4.11e-01]
14600 [1.17e+00, -4.44e-01]
14800 [1.17e+00, -4.71e-01]
15000 [1.17e+00, -4.99e-01]
15200 [1.17e+00, -5.22e-01]
15400 [1.18e+00, -5.45e-01]
15600 [1.18e+00, -5.65e-01]
15800 [1.18e+00, -5.70e-01]
16000 [1.18e+00, -5.89e-01]
16200 [1.18e+00, -6.04e-01]
16400 [1.19e+00, -6.16e-01]
16600 [1.19e+00, -6.27e-01]
16800 [1.19e+00, -6.37e-01]
17000 [1.20e+00, -6.44e-01]
17200 [1.20e+00, -6.50e-01]
17400 [1.20e+00, -6.56e-01]
17600 [1.21e+00, -6.61e-01]
17800 [1.21e+00, -6.65e-01]
18000 [1.21e+00, -6.68e-01]
18200 [1.22e+00, -6.70e-01]
18400 [1.22e+00, -6.73e-01]
18600 [1.20e+00, -6.60e-01]
18800 [1.20e+00, -6.62e-01]
19000 [1.20e+00, -6.64e-01]
19200 [1.20e+00, -6.67e-01]
19400 [1.20e+00, -6.70e-01]
19600 [1.20e+00, -6.73e-01]
19800 [1.20e+00, -6.76e-01]
20000 [1.21e+00, -6.79e-01]
20200 [1.21e+00, -6.82e-01]
20400 [1.21e+00, -6.85e-01]
20600 [1.21e+00, -6.88e-01]
20800 [1.21e+00, -6.91e-01]
21000 [1.21e+00, -6.93e-01]
21200 [1.22e+00, -6.95e-01]
21400 [1.22e+00, -6.97e-01]
21600 [1.22e+00, -6.97e-01]
21800 [1.22e+00, -6.99e-01]
22000 [1.23e+00, -6.98e-01]
22200 [1.23e+00, -7.00e-01]
22400 [1.23e+00, -6.98e-01]
22600 [1.24e+00, -6.99e-01]
22800 [1.24e+00, -6.98e-01]
23000 [1.24e+00, -6.99e-01]
23200 [1.25e+00, -6.98e-01]
23400 [1.25e+00, -6.97e-01]
23600 [1.25e+00, -6.97e-01]
23800 [1.26e+00, -6.98e-01]
24000 [1.26e+00, -6.98e-01]
24200 [1.26e+00, -6.99e-01]
24400 [1.27e+00, -6.99e-01]
24600 [1.27e+00, -7.00e-01]
24800 [1.28e+00, -7.01e-01]
25000 [1.28e+00, -7.02e-01]
25200 [1.28e+00, -7.03e-01]
25400 [1.29e+00, -7.05e-01]
25600 [1.29e+00, -7.06e-01]
25800 [1.29e+00, -7.07e-01]
26000 [1.30e+00, -7.08e-01]
26200 [1.30e+00, -7.10e-01]
26400 [1.30e+00, -7.12e-01]
26600 [1.30e+00, -7.13e-01]
26800 [1.31e+00, -7.15e-01]
27000 [1.31e+00, -7.16e-01]
27200 [1.31e+00, -7.18e-01]
27400 [1.32e+00, -7.20e-01]
27600 [1.32e+00, -7.21e-01]
27800 [1.32e+00, -7.23e-01]
28000 [1.30e+00, -7.27e-01]
28200 [1.30e+00, -7.32e-01]
28400 [1.30e+00, -7.37e-01]
28600 [1.30e+00, -7.42e-01]
28800 [1.30e+00, -7.47e-01]
29000 [1.30e+00, -7.53e-01]
29200 [1.30e+00, -7.59e-01]
29400 [1.30e+00, -7.65e-01]
29600 [1.30e+00, -7.70e-01]
29800 [1.31e+00, -7.76e-01]
30000 [1.31e+00, -7.81e-01]
30200 [1.31e+00, -7.86e-01]
30400 [1.31e+00, -7.90e-01]
30600 [1.31e+00, -7.94e-01]
30800 [1.31e+00, -7.97e-01]
31000 [1.31e+00, -7.99e-01]
31200 [1.32e+00, -8.01e-01]
31400 [1.32e+00, -8.02e-01]
31600 [1.32e+00, -8.04e-01]
31800 [1.32e+00, -8.03e-01]
32000 [1.32e+00, -8.04e-01]
32200 [1.32e+00, -8.03e-01]
32400 [1.33e+00, -8.02e-01]
32600 [1.33e+00, -7.99e-01]
32800 [1.33e+00, -7.98e-01]
33000 [1.33e+00, -7.98e-01]
33200 [1.34e+00, -7.95e-01]
33400 [1.34e+00, -7.95e-01]
33600 [1.34e+00, -7.94e-01]
33800 [1.34e+00, -7.93e-01]
34000 [1.34e+00, -7.92e-01]
34200 [1.35e+00, -7.90e-01]
34400 [1.35e+00, -7.89e-01]
34600 [1.35e+00, -7.88e-01]
34800 [1.35e+00, -7.88e-01]
35000 [1.36e+00, -7.88e-01]
35200 [1.36e+00, -7.88e-01]
35400 [1.36e+00, -7.88e-01]
35600 [1.36e+00, -7.88e-01]
35800 [1.37e+00, -7.88e-01]
36000 [1.37e+00, -7.88e-01]
36200 [1.37e+00, -7.88e-01]
36400 [1.37e+00, -7.89e-01]
36600 [1.38e+00, -7.90e-01]
36800 [1.38e+00, -7.90e-01]
37000 [1.38e+00, -7.92e-01]
37200 [1.38e+00, -7.93e-01]
37400 [1.36e+00, -8.07e-01]
37600 [1.36e+00, -8.05e-01]
37800 [1.36e+00, -8.04e-01]
38000 [1.36e+00, -8.05e-01]
38200 [1.36e+00, -8.06e-01]
38400 [1.36e+00, -8.07e-01]
38600 [1.37e+00, -8.08e-01]
38800 [1.37e+00, -8.10e-01]
39000 [1.37e+00, -8.11e-01]
39200 [1.37e+00, -8.12e-01]
39400 [1.37e+00, -8.13e-01]
39600 [1.37e+00, -8.14e-01]
39800 [1.37e+00, -8.14e-01]
40000 [1.37e+00, -8.15e-01]
40200 [1.37e+00, -8.16e-01]
40400 [1.37e+00, -8.16e-01]
40600 [1.37e+00, -8.17e-01]
40800 [1.38e+00, -8.18e-01]
41000 [1.38e+00, -8.19e-01]
41200 [1.38e+00, -8.19e-01]
41400 [1.38e+00, -8.20e-01]
41600 [1.38e+00, -8.21e-01]
41800 [1.38e+00, -8.22e-01]
42000 [1.39e+00, -8.23e-01]
42200 [1.39e+00, -8.23e-01]
42400 [1.39e+00, -8.24e-01]
42600 [1.39e+00, -8.25e-01]
42800 [1.39e+00, -8.27e-01]
43000 [1.40e+00, -8.29e-01]
43200 [1.40e+00, -8.30e-01]
43400 [1.40e+00, -8.32e-01]
43600 [1.40e+00, -8.35e-01]
43800 [1.40e+00, -8.36e-01]
44000 [1.40e+00, -8.36e-01]
44200 [1.41e+00, -8.38e-01]
44400 [1.41e+00, -8.40e-01]
44600 [1.41e+00, -8.40e-01]
44800 [1.41e+00, -8.42e-01]
45000 [1.41e+00, -8.44e-01]
45200 [1.41e+00, -8.44e-01]
45400 [1.42e+00, -8.46e-01]
45600 [1.42e+00, -8.48e-01]
45800 [1.42e+00, -8.50e-01]
46000 [1.42e+00, -8.51e-01]
46200 [1.42e+00, -8.53e-01]
46400 [1.42e+00, -8.55e-01]
46600 [1.43e+00, -8.56e-01]
46800 [1.43e+00, -8.57e-01]
47000 [1.43e+00, -8.59e-01]
47200 [1.43e+00, -8.60e-01]
47400 [1.43e+00, -8.62e-01]
47600 [1.43e+00, -8.63e-01]
47800 [1.41e+00, -8.38e-01]
48000 [1.41e+00, -8.40e-01]
48200 [1.41e+00, -8.42e-01]
48400 [1.41e+00, -8.45e-01]
48600 [1.41e+00, -8.48e-01]
48800 [1.41e+00, -8.51e-01]
49000 [1.41e+00, -8.54e-01]
49200 [1.41e+00, -8.57e-01]
49400 [1.41e+00, -8.61e-01]
49600 [1.41e+00, -8.65e-01]
49800 [1.41e+00, -8.68e-01]
50000 [1.41e+00, -8.72e-01]
50200 [1.41e+00, -8.76e-01]
50400 [1.41e+00, -8.79e-01]
50600 [1.41e+00, -8.82e-01]
50800 [1.42e+00, -8.85e-01]
51000 [1.42e+00, -8.87e-01]
51200 [1.42e+00, -8.89e-01]
51400 [1.42e+00, -8.91e-01]
51600 [1.42e+00, -8.91e-01]
51800 [1.42e+00, -8.92e-01]
52000 [1.42e+00, -8.92e-01]
52200 [1.42e+00, -8.91e-01]
52400 [1.42e+00, -8.89e-01]
52600 [1.42e+00, -8.89e-01]
52800 [1.43e+00, -8.87e-01]
53000 [1.43e+00, -8.87e-01]
53200 [1.43e+00, -8.85e-01]
53400 [1.43e+00, -8.84e-01]
53600 [1.43e+00, -8.83e-01]
53800 [1.43e+00, -8.82e-01]
54000 [1.43e+00, -8.81e-01]
54200 [1.43e+00, -8.80e-01]
54400 [1.43e+00, -8.81e-01]
54600 [1.44e+00, -8.78e-01]
54800 [1.44e+00, -8.78e-01]
55000 [1.44e+00, -8.78e-01]
55200 [1.44e+00, -8.78e-01]
55400 [1.44e+00, -8.79e-01]
55600 [1.44e+00, -8.78e-01]
55800 [1.44e+00, -8.79e-01]
56000 [1.44e+00, -8.80e-01]
56200 [1.45e+00, -8.81e-01]
56400 [1.45e+00, -8.81e-01]
56600 [1.45e+00, -8.82e-01]
56800 [1.45e+00, -8.84e-01]
57000 [1.45e+00, -8.84e-01]
57200 [1.45e+00, -8.86e-01]
57400 [1.45e+00, -8.85e-01]
57600 [1.45e+00, -8.87e-01]
57800 [1.45e+00, -8.90e-01]
58000 [1.46e+00, -8.91e-01]
58200 [1.46e+00, -8.92e-01]
58400 [1.46e+00, -8.94e-01]
58600 [1.46e+00, -8.94e-01]
58800 [1.46e+00, -8.96e-01]
59000 [1.45e+00, -8.41e-01]
59200 [1.45e+00, -8.39e-01]
59400 [1.45e+00, -8.40e-01]
59600 [1.45e+00, -8.40e-01]
59800 [1.45e+00, -8.41e-01]
60000 [1.45e+00, -8.42e-01]
60200 [1.45e+00, -8.43e-01]
60400 [1.45e+00, -8.44e-01]
60600 [1.45e+00, -8.45e-01]
60800 [1.45e+00, -8.46e-01]
61000 [1.45e+00, -8.47e-01]
61200 [1.45e+00, -8.48e-01]
61400 [1.46e+00, -8.49e-01]
61600 [1.46e+00, -8.51e-01]
61800 [1.46e+00, -8.53e-01]
62000 [1.46e+00, -8.55e-01]
62200 [1.46e+00, -8.58e-01]
62400 [1.46e+00, -8.61e-01]
62600 [1.46e+00, -8.64e-01]
62800 [1.46e+00, -8.67e-01]
63000 [1.46e+00, -8.69e-01]
63200 [1.46e+00, -8.73e-01]
63400 [1.46e+00, -8.77e-01]
63600 [1.46e+00, -8.79e-01]
63800 [1.46e+00, -8.83e-01]
64000 [1.46e+00, -8.86e-01]
64200 [1.46e+00, -8.88e-01]
64400 [1.46e+00, -8.91e-01]
64600 [1.46e+00, -8.95e-01]
64800 [1.47e+00, -8.96e-01]
65000 [1.47e+00, -8.98e-01]
65200 [1.47e+00, -9.01e-01]
65400 [1.47e+00, -9.03e-01]
65600 [1.47e+00, -9.04e-01]
65800 [1.47e+00, -9.06e-01]
66000 [1.47e+00, -9.08e-01]
66200 [1.47e+00, -9.10e-01]
66400 [1.47e+00, -9.11e-01]
66600 [1.47e+00, -9.12e-01]
66800 [1.47e+00, -9.14e-01]
67000 [1.47e+00, -9.16e-01]
67200 [1.47e+00, -9.17e-01]
67400 [1.48e+00, -9.19e-01]
67600 [1.48e+00, -9.20e-01]
67800 [1.48e+00, -9.22e-01]
68000 [1.48e+00, -9.24e-01]
68200 [1.48e+00, -9.25e-01]
68400 [1.48e+00, -9.27e-01]
68600 [1.48e+00, -9.28e-01]
68800 [1.48e+00, -9.40e-01]
69000 [1.47e+00, -9.79e-01]
69200 [1.47e+00, -9.75e-01]
69400 [1.47e+00, -9.73e-01]
69600 [1.47e+00, -9.74e-01]
69800 [1.47e+00, -9.75e-01]
70000 [1.47e+00, -9.77e-01]
70200 [1.47e+00, -9.79e-01]
70400 [1.47e+00, -9.81e-01]
70600 [1.47e+00, -9.83e-01]
70800 [1.47e+00, -9.85e-01]
71000 [1.47e+00, -9.87e-01]
71200 [1.47e+00, -9.89e-01]
71400 [1.47e+00, -9.91e-01]
71600 [1.47e+00, -9.93e-01]
71800 [1.47e+00, -9.95e-01]
72000 [1.47e+00, -9.96e-01]
72200 [1.47e+00, -9.96e-01]
72400 [1.47e+00, -9.97e-01]
72600 [1.48e+00, -9.96e-01]
72800 [1.48e+00, -9.98e-01]
73000 [1.48e+00, -9.99e-01]
73200 [1.48e+00, -1.00e+00]
73400 [1.48e+00, -1.00e+00]
73600 [1.48e+00, -1.00e+00]
73800 [1.48e+00, -1.00e+00]
74000 [1.48e+00, -1.00e+00]
74200 [1.48e+00, -1.00e+00]
74400 [1.48e+00, -1.01e+00]
74600 [1.48e+00, -1.01e+00]
74800 [1.48e+00, -1.01e+00]
75000 [1.48e+00, -1.01e+00]
75200 [1.48e+00, -1.01e+00]
75400 [1.48e+00, -1.01e+00]
75600 [1.49e+00, -1.01e+00]
75800 [1.49e+00, -1.01e+00]
76000 [1.49e+00, -1.01e+00]
76200 [1.49e+00, -1.02e+00]
76400 [1.49e+00, -1.02e+00]
76600 [1.49e+00, -1.02e+00]
76800 [1.49e+00, -1.02e+00]
77000 [1.49e+00, -1.02e+00]
77200 [1.49e+00, -1.02e+00]
77400 [1.49e+00, -1.02e+00]
77600 [1.49e+00, -1.02e+00]
77800 [1.49e+00, -1.02e+00]
78000 [1.49e+00, -1.02e+00]
78200 [1.49e+00, -1.03e+00]
78400 [1.49e+00, -1.03e+00]
78600 [1.48e+00, -9.58e-01]
78800 [1.48e+00, -9.58e-01]
79000 [1.48e+00, -9.59e-01]
79200 [1.48e+00, -9.60e-01]
79400 [1.48e+00, -9.62e-01]
79600 [1.48e+00, -9.64e-01]
79800 [1.49e+00, -9.66e-01]
80000 [1.49e+00, -9.68e-01]
80200 [1.49e+00, -9.70e-01]
80400 [1.49e+00, -9.72e-01]
80600 [1.49e+00, -9.74e-01]
80800 [1.49e+00, -9.77e-01]
81000 [1.49e+00, -9.79e-01]
81200 [1.49e+00, -9.81e-01]
81400 [1.49e+00, -9.83e-01]
81600 [1.49e+00, -9.85e-01]
81800 [1.49e+00, -9.87e-01]
82000 [1.49e+00, -9.89e-01]
82200 [1.49e+00, -9.91e-01]
82400 [1.49e+00, -9.93e-01]
82600 [1.49e+00, -9.95e-01]
82800 [1.49e+00, -9.97e-01]
83000 [1.49e+00, -9.99e-01]
83200 [1.49e+00, -1.00e+00]
83400 [1.49e+00, -1.00e+00]
83600 [1.49e+00, -1.00e+00]
83800 [1.49e+00, -1.00e+00]
84000 [1.49e+00, -1.01e+00]
84200 [1.49e+00, -1.01e+00]
84400 [1.49e+00, -1.01e+00]
84600 [1.49e+00, -1.01e+00]
84800 [1.49e+00, -1.01e+00]
85000 [1.49e+00, -1.01e+00]
85200 [1.50e+00, -1.01e+00]
85400 [1.50e+00, -1.02e+00]
85600 [1.50e+00, -1.02e+00]
85800 [1.50e+00, -1.02e+00]
86000 [1.50e+00, -1.02e+00]
86200 [1.50e+00, -1.02e+00]
86400 [1.50e+00, -1.02e+00]
86600 [1.50e+00, -1.02e+00]
86800 [1.50e+00, -1.03e+00]
87000 [1.50e+00, -1.03e+00]
87200 [1.50e+00, -1.03e+00]
87400 [1.50e+00, -1.03e+00]
87600 [1.50e+00, -1.03e+00]
87800 [1.50e+00, -1.03e+00]
88000 [1.50e+00, -1.03e+00]
88200 [1.50e+00, -1.03e+00]
88400 [1.50e+00, -1.01e+00]
88600 [1.50e+00, -1.01e+00]
88800 [1.50e+00, -1.01e+00]
89000 [1.50e+00, -1.01e+00]
89200 [1.50e+00, -1.01e+00]
89400 [1.50e+00, -1.02e+00]
89600 [1.50e+00, -1.02e+00]
89800 [1.50e+00, -1.02e+00]
90000 [1.50e+00, -1.03e+00]
90200 [1.50e+00, -1.03e+00]
90400 [1.50e+00, -1.03e+00]
90600 [1.50e+00, -1.03e+00]
90800 [1.50e+00, -1.04e+00]
91000 [1.50e+00, -1.04e+00]
91200 [1.50e+00, -1.04e+00]
91400 [1.50e+00, -1.04e+00]
91600 [1.50e+00, -1.04e+00]
91800 [1.50e+00, -1.04e+00]
92000 [1.50e+00, -1.05e+00]
92200 [1.50e+00, -1.05e+00]
92400 [1.50e+00, -1.05e+00]
92600 [1.50e+00, -1.05e+00]
92800 [1.50e+00, -1.05e+00]
93000 [1.50e+00, -1.05e+00]
93200 [1.50e+00, -1.05e+00]
93400 [1.50e+00, -1.05e+00]
93600 [1.50e+00, -1.06e+00]
93800 [1.50e+00, -1.06e+00]
94000 [1.50e+00, -1.06e+00]
94200 [1.50e+00, -1.06e+00]
94400 [1.50e+00, -1.06e+00]
94600 [1.50e+00, -1.06e+00]
94800 [1.51e+00, -1.06e+00]
95000 [1.51e+00, -1.06e+00]
95200 [1.51e+00, -1.06e+00]
95400 [1.51e+00, -1.06e+00]
95600 [1.51e+00, -1.06e+00]
95800 [1.51e+00, -1.07e+00]
96000 [1.51e+00, -1.07e+00]
96200 [1.51e+00, -1.07e+00]
96400 [1.51e+00, -1.07e+00]
96600 [1.51e+00, -1.07e+00]
96800 [1.51e+00, -1.07e+00]
97000 [1.51e+00, -1.07e+00]
97200 [1.51e+00, -1.07e+00]
97400 [1.50e+00, -1.01e+00]
97600 [1.50e+00, -1.01e+00]
97800 [1.50e+00, -1.01e+00]
98000 [1.50e+00, -1.01e+00]
98200 [1.50e+00, -1.02e+00]
98400 [1.50e+00, -1.02e+00]
98600 [1.50e+00, -1.02e+00]
98800 [1.50e+00, -1.02e+00]
99000 [1.50e+00, -1.02e+00]
99200 [1.50e+00, -1.02e+00]
99400 [1.50e+00, -1.02e+00]
99600 [1.50e+00, -1.03e+00]
99800 [1.50e+00, -1.03e+00]
100000 [1.50e+00, -1.03e+00]
100200 [1.50e+00, -1.03e+00]
100400 [1.50e+00, -1.03e+00]
100600 [1.51e+00, -1.03e+00]
100800 [1.51e+00, -1.04e+00]
101000 [1.51e+00, -1.04e+00]
101200 [1.51e+00, -1.04e+00]
101400 [1.51e+00, -1.04e+00]
101600 [1.51e+00, -1.04e+00]
101800 [1.51e+00, -1.04e+00]
102000 [1.51e+00, -1.05e+00]
102200 [1.51e+00, -1.05e+00]
102400 [1.51e+00, -1.05e+00]
102600 [1.51e+00, -1.05e+00]
102800 [1.51e+00, -1.05e+00]
103000 [1.51e+00, -1.05e+00]
103200 [1.51e+00, -1.05e+00]
103400 [1.51e+00, -1.05e+00]
103600 [1.51e+00, -1.05e+00]
