0 [1.00e+00, 1.00e+00]
200 [9.81e-01, 9.32e-01]
400 [9.80e-01, 9.04e-01]
600 [9.70e-01, 8.97e-01]
800 [9.58e-01, 8.91e-01]
1000 [9.45e-01, 8.84e-01]
1200 [9.29e-01, 8.77e-01]
1400 [9.12e-01, 8.70e-01]
1600 [8.94e-01, 8.64e-01]
1800 [8.74e-01, 8.59e-01]
2000 [8.55e-01, 8.54e-01]
2200 [8.35e-01, 8.42e-01]
2400 [8.11e-01, 8.28e-01]
2600 [7.87e-01, 8.14e-01]
2800 [7.65e-01, 8.02e-01]
3000 [7.45e-01, 7.94e-01]
3200 [7.28e-01, 7.89e-01]
3400 [7.14e-01, 7.87e-01]
3600 [7.04e-01, 7.88e-01]
3800 [6.95e-01, 7.93e-01]
4000 [6.89e-01, 8.01e-01]
4200 [6.85e-01, 8.13e-01]
4400 [6.82e-01, 8.27e-01]
4600 [6.80e-01, 8.42e-01]
4800 [6.78e-01, 8.60e-01]
5000 [6.77e-01, 8.78e-01]
5200 [6.75e-01, 8.97e-01]
5400 [6.74e-01, 9.17e-01]
5600 [6.73e-01, 9.38e-01]
5800 [6.73e-01, 9.58e-01]
6000 [6.72e-01, 9.80e-01]
6200 [6.71e-01, 1.00e+00]
6400 [6.70e-01, 1.02e+00]
6600 [6.69e-01, 1.04e+00]
6800 [6.68e-01, 1.07e+00]
7000 [6.67e-01, 1.09e+00]
7200 [6.66e-01, 1.11e+00]
7400 [6.65e-01, 1.13e+00]
7600 [6.64e-01, 1.16e+00]
7800 [6.63e-01, 1.18e+00]
8000 [6.62e-01, 1.20e+00]
8200 [6.61e-01, 1.22e+00]
8400 [6.60e-01, 1.24e+00]
8600 [6.59e-01, 1.27e+00]
8800 [6.58e-01, 1.29e+00]
9000 [6.57e-01, 1.31e+00]
9200 [6.56e-01, 1.33e+00]
9400 [6.55e-01, 1.36e+00]
9600 [6.54e-01, 1.38e+00]
9800 [6.53e-01, 1.40e+00]
10000 [6.52e-01, 1.42e+00]
10200 [6.51e-01, 1.45e+00]
10400 [6.49e-01, 1.47e+00]
10600 [6.48e-01, 1.49e+00]
10800 [6.47e-01, 1.51e+00]
11000 [6.46e-01, 1.54e+00]
11200 [6.45e-01, 1.56e+00]
11400 [6.44e-01, 1.58e+00]
11600 [6.43e-01, 1.60e+00]
11800 [6.42e-01, 1.63e+00]
12000 [6.41e-01, 1.65e+00]
12200 [6.40e-01, 1.67e+00]
12400 [6.39e-01, 1.69e+00]
12600 [6.38e-01, 1.72e+00]
12800 [6.37e-01, 1.74e+00]
13000 [6.36e-01, 1.76e+00]
13200 [6.35e-01, 1.78e+00]
13400 [6.34e-01, 1.80e+00]
13600 [6.33e-01, 1.82e+00]
13800 [6.32e-01, 1.84e+00]
14000 [6.31e-01, 1.87e+00]
14200 [6.30e-01, 1.89e+00]
14400 [6.29e-01, 1.91e+00]
14600 [6.28e-01, 1.93e+00]
14800 [6.27e-01, 1.95e+00]
15000 [6.26e-01, 1.97e+00]
15200 [6.26e-01, 1.99e+00]
15400 [6.25e-01, 2.01e+00]
15600 [6.24e-01, 2.03e+00]
15800 [6.23e-01, 2.05e+00]
16000 [6.22e-01, 2.07e+00]
16200 [6.21e-01, 2.09e+00]
16400 [6.20e-01, 2.11e+00]
16600 [6.19e-01, 2.13e+00]
16800 [6.19e-01, 2.14e+00]
17000 [6.18e-01, 2.16e+00]
17200 [6.17e-01, 2.18e+00]
17400 [6.16e-01, 2.20e+00]
17600 [6.15e-01, 2.22e+00]
17800 [6.15e-01, 2.24e+00]
18000 [6.14e-01, 2.25e+00]
18200 [6.13e-01, 2.27e+00]
18400 [6.13e-01, 2.29e+00]
18600 [6.12e-01, 2.31e+00]
18800 [6.11e-01, 2.32e+00]
19000 [6.10e-01, 2.34e+00]
19200 [6.10e-01, 2.36e+00]
19400 [6.09e-01, 2.37e+00]
19600 [6.08e-01, 2.39e+00]
19800 [6.07e-01, 2.41e+00]
20000 [6.07e-01, 2.42e+00]
20200 [6.06e-01, 2.44e+00]
20400 [6.05e-01, 2.46e+00]
20600 [6.05e-01, 2.47e+00]
20800 [6.04e-01, 2.49e+00]
21000 [6.04e-01, 2.50e+00]
21200 [6.03e-01, 2.52e+00]
21400 [6.02e-01, 2.54e+00]
21600 [6.02e-01, 2.55e+00]
21800 [6.01e-01, 2.56e+00]
22000 [6.00e-01, 2.58e+00]
22200 [5.99e-01, 2.59e+00]
22400 [5.99e-01, 2.61e+00]
22600 [5.98e-01, 2.62e+00]
22800 [5.97e-01, 2.64e+00]
23000 [5.97e-01, 2.65e+00]
23200 [5.96e-01, 2.67e+00]
23400 [5.95e-01, 2.68e+00]
23600 [5.94e-01, 2.70e+00]
23800 [5.94e-01, 2.71e+00]
24000 [5.93e-01, 2.73e+00]
24200 [5.93e-01, 2.74e+00]
24400 [5.92e-01, 2.76e+00]
24600 [5.91e-01, 2.77e+00]
24800 [5.91e-01, 2.78e+00]
25000 [5.90e-01, 2.80e+00]
25200 [5.90e-01, 2.81e+00]
25400 [5.89e-01, 2.83e+00]
25600 [5.88e-01, 2.84e+00]
25800 [5.88e-01, 2.85e+00]
26000 [5.87e-01, 2.87e+00]
26200 [5.87e-01, 2.88e+00]
26400 [5.86e-01, 2.89e+00]
26600 [5.86e-01, 2.91e+00]
26800 [5.85e-01, 2.92e+00]
27000 [5.85e-01, 2.93e+00]
27200 [5.84e-01, 2.95e+00]
27400 [5.83e-01, 2.96e+00]
27600 [5.83e-01, 2.97e+00]
27800 [5.82e-01, 2.99e+00]
28000 [5.82e-01, 3.00e+00]
28200 [5.81e-01, 3.01e+00]
28400 [5.81e-01, 3.02e+00]
28600 [5.80e-01, 3.04e+00]
28800 [5.80e-01, 3.05e+00]
29000 [5.79e-01, 3.06e+00]
29200 [5.79e-01, 3.07e+00]
29400 [5.78e-01, 3.09e+00]
29600 [5.78e-01, 3.10e+00]
29800 [5.77e-01, 3.11e+00]
30000 [5.77e-01, 3.12e+00]
30200 [5.76e-01, 3.13e+00]
30400 [5.76e-01, 3.14e+00]
30600 [5.75e-01, 3.16e+00]
30800 [5.75e-01, 3.17e+00]
31000 [5.74e-01, 3.18e+00]
31200 [5.74e-01, 3.19e+00]
31400 [5.73e-01, 3.20e+00]
31600 [5.73e-01, 3.21e+00]
31800 [5.72e-01, 3.22e+00]
32000 [5.72e-01, 3.23e+00]
32200 [5.71e-01, 3.24e+00]
32400 [5.71e-01, 3.26e+00]
32600 [5.70e-01, 3.27e+00]
32800 [5.70e-01, 3.28e+00]
33000 [5.69e-01, 3.29e+00]
33200 [5.69e-01, 3.30e+00]
33400 [5.69e-01, 3.31e+00]
33600 [5.68e-01, 3.32e+00]
33800 [5.68e-01, 3.33e+00]
34000 [5.67e-01, 3.34e+00]
34200 [5.67e-01, 3.35e+00]
34400 [5.66e-01, 3.36e+00]
34600 [5.66e-01, 3.37e+00]
34800 [5.66e-01, 3.38e+00]
35000 [5.65e-01, 3.39e+00]
35200 [5.65e-01, 3.40e+00]
35400 [5.64e-01, 3.41e+00]
35600 [5.64e-01, 3.42e+00]
35800 [5.64e-01, 3.43e+00]
36000 [5.63e-01, 3.44e+00]
36200 [5.63e-01, 3.45e+00]
36400 [5.62e-01, 3.46e+00]
36600 [5.62e-01, 3.47e+00]
36800 [5.62e-01, 3.48e+00]
37000 [5.61e-01, 3.48e+00]
37200 [5.61e-01, 3.49e+00]
37400 [5.60e-01, 3.50e+00]
37600 [5.60e-01, 3.51e+00]
37800 [5.60e-01, 3.52e+00]
38000 [5.59e-01, 3.53e+00]
38200 [5.59e-01, 3.54e+00]
38400 [5.58e-01, 3.55e+00]
38600 [5.58e-01, 3.56e+00]
38800 [5.58e-01, 3.57e+00]
39000 [5.57e-01, 3.58e+00]
39200 [5.57e-01, 3.58e+00]
39400 [5.57e-01, 3.59e+00]
39600 [5.56e-01, 3.60e+00]
39800 [5.56e-01, 3.61e+00]
40000 [5.55e-01, 3.62e+00]
40200 [5.55e-01, 3.63e+00]
40400 [5.55e-01, 3.64e+00]
40600 [5.54e-01, 3.64e+00]
40800 [5.54e-01, 3.65e+00]
41000 [5.54e-01, 3.66e+00]
41200 [5.53e-01, 3.67e+00]
41400 [5.53e-01, 3.68e+00]
41600 [5.53e-01, 3.69e+00]
41800 [5.52e-01, 3.69e+00]
42000 [5.52e-01, 3.70e+00]
42200 [5.52e-01, 3.71e+00]
42400 [5.51e-01, 3.72e+00]
42600 [5.51e-01, 3.73e+00]
42800 [5.51e-01, 3.73e+00]
43000 [5.50e-01, 3.74e+00]
43200 [5.50e-01, 3.75e+00]
43400 [5.50e-01, 3.76e+00]
43600 [5.49e-01, 3.77e+00]
43800 [5.49e-01, 3.77e+00]
44000 [5.49e-01, 3.78e+00]
44200 [5.48e-01, 3.79e+00]
44400 [5.48e-01, 3.80e+00]
44600 [5.48e-01, 3.81e+00]
44800 [5.48e-01, 3.81e+00]
45000 [5.47e-01, 3.82e+00]
45200 [5.47e-01, 3.83e+00]
45400 [5.47e-01, 3.83e+00]
45600 [5.46e-01, 3.84e+00]
45800 [5.46e-01, 3.85e+00]
46000 [5.46e-01, 3.86e+00]
46200 [5.45e-01, 3.86e+00]
46400 [5.45e-01, 3.87e+00]
46600 [5.45e-01, 3.88e+00]
46800 [5.45e-01, 3.89e+00]
47000 [5.44e-01, 3.89e+00]
47200 [5.44e-01, 3.90e+00]
47400 [5.44e-01, 3.91e+00]
47600 [5.43e-01, 3.91e+00]
47800 [5.43e-01, 3.92e+00]
48000 [5.43e-01, 3.93e+00]
48200 [5.43e-01, 3.93e+00]
48400 [5.42e-01, 3.94e+00]
48600 [5.42e-01, 3.95e+00]
48800 [5.42e-01, 3.95e+00]
49000 [5.41e-01, 3.96e+00]
49200 [5.41e-01, 3.97e+00]
49400 [5.41e-01, 3.97e+00]
49600 [5.41e-01, 3.98e+00]
49800 [5.40e-01, 3.98e+00]
50000 [5.40e-01, 3.99e+00]
50200 [5.40e-01, 4.00e+00]
50400 [5.40e-01, 4.00e+00]
50600 [5.39e-01, 4.01e+00]
50800 [5.39e-01, 4.02e+00]
51000 [5.39e-01, 4.02e+00]
51200 [5.39e-01, 4.03e+00]
51400 [5.38e-01, 4.03e+00]
51600 [5.38e-01, 4.04e+00]
51800 [5.38e-01, 4.05e+00]
52000 [5.38e-01, 4.05e+00]
52200 [5.37e-01, 4.06e+00]
52400 [5.37e-01, 4.06e+00]
52600 [5.37e-01, 4.07e+00]
52800 [5.37e-01, 4.07e+00]
53000 [5.36e-01, 4.08e+00]
53200 [5.36e-01, 4.09e+00]
53400 [5.36e-01, 4.09e+00]
53600 [5.36e-01, 4.10e+00]
53800 [5.35e-01, 4.10e+00]
54000 [5.35e-01, 4.11e+00]
54200 [5.35e-01, 4.11e+00]
54400 [5.35e-01, 4.12e+00]
54600 [5.35e-01, 4.13e+00]
54800 [5.34e-01, 4.13e+00]
55000 [5.34e-01, 4.14e+00]
55200 [5.34e-01, 4.14e+00]
55400 [5.34e-01, 4.15e+00]
55600 [5.33e-01, 4.15e+00]
55800 [5.33e-01, 4.16e+00]
56000 [5.33e-01, 4.16e+00]
56200 [5.33e-01, 4.17e+00]
56400 [5.33e-01, 4.17e+00]
56600 [5.32e-01, 4.18e+00]
56800 [5.32e-01, 4.18e+00]
57000 [5.32e-01, 4.19e+00]
57200 [5.32e-01, 4.19e+00]
57400 [5.32e-01, 4.20e+00]
57600 [5.32e-01, 4.20e+00]
57800 [5.31e-01, 4.21e+00]
58000 [5.31e-01, 4.21e+00]
58200 [5.31e-01, 4.22e+00]
58400 [5.31e-01, 4.22e+00]
58600 [5.31e-01, 4.23e+00]
58800 [5.30e-01, 4.23e+00]
59000 [5.30e-01, 4.24e+00]
59200 [5.30e-01, 4.24e+00]
59400 [5.30e-01, 4.24e+00]
59600 [5.30e-01, 4.25e+00]
59800 [5.29e-01, 4.25e+00]
60000 [5.29e-01, 4.26e+00]
60200 [5.29e-01, 4.26e+00]
60400 [5.29e-01, 4.27e+00]
60600 [5.29e-01, 4.27e+00]
60800 [5.28e-01, 4.28e+00]
61000 [5.28e-01, 4.28e+00]
61200 [5.28e-01, 4.28e+00]
61400 [5.28e-01, 4.29e+00]
61600 [5.28e-01, 4.29e+00]
61800 [5.28e-01, 4.30e+00]
62000 [5.27e-01, 4.30e+00]
62200 [5.27e-01, 4.31e+00]
62400 [5.27e-01, 4.31e+00]
62600 [5.27e-01, 4.31e+00]
62800 [5.27e-01, 4.32e+00]
63000 [5.27e-01, 4.32e+00]
63200 [5.26e-01, 4.33e+00]
63400 [5.26e-01, 4.33e+00]
63600 [5.26e-01, 4.33e+00]
63800 [5.26e-01, 4.34e+00]
64000 [5.26e-01, 4.34e+00]
64200 [5.26e-01, 4.35e+00]
64400 [5.25e-01, 4.35e+00]
64600 [5.25e-01, 4.35e+00]
64800 [5.25e-01, 4.36e+00]
65000 [5.25e-01, 4.36e+00]
65200 [5.25e-01, 4.37e+00]
65400 [5.25e-01, 4.37e+00]
65600 [5.24e-01, 4.37e+00]
65800 [5.24e-01, 4.38e+00]
66000 [5.24e-01, 4.38e+00]
66200 [5.24e-01, 4.38e+00]
66400 [5.24e-01, 4.39e+00]
66600 [5.24e-01, 4.39e+00]
66800 [5.24e-01, 4.40e+00]
67000 [5.23e-01, 4.40e+00]
67200 [5.23e-01, 4.40e+00]
67400 [5.23e-01, 4.41e+00]
67600 [5.23e-01, 4.41e+00]
67800 [5.23e-01, 4.41e+00]
68000 [5.23e-01, 4.42e+00]
68200 [5.23e-01, 4.42e+00]
68400 [5.22e-01, 4.42e+00]
68600 [5.22e-01, 4.43e+00]
68800 [5.22e-01, 4.43e+00]
69000 [5.22e-01, 4.43e+00]
69200 [5.22e-01, 4.44e+00]
69400 [5.22e-01, 4.44e+00]
69600 [5.21e-01, 4.44e+00]
69800 [5.21e-01, 4.45e+00]
70000 [5.21e-01, 4.45e+00]
70200 [5.21e-01, 4.45e+00]
70400 [5.21e-01, 4.46e+00]
70600 [5.21e-01, 4.46e+00]
70800 [5.21e-01, 4.46e+00]
71000 [5.21e-01, 4.47e+00]
71200 [5.20e-01, 4.47e+00]
71400 [5.20e-01, 4.47e+00]
71600 [5.20e-01, 4.48e+00]
71800 [5.20e-01, 4.48e+00]
72000 [5.20e-01, 4.48e+00]
72200 [5.20e-01, 4.49e+00]
72400 [5.20e-01, 4.49e+00]
72600 [5.20e-01, 4.49e+00]
72800 [5.19e-01, 4.50e+00]
73000 [5.19e-01, 4.50e+00]
73200 [5.19e-01, 4.50e+00]
73400 [5.19e-01, 4.50e+00]
73600 [5.19e-01, 4.51e+00]
73800 [5.19e-01, 4.51e+00]
74000 [5.19e-01, 4.51e+00]
74200 [5.19e-01, 4.52e+00]
74400 [5.19e-01, 4.52e+00]
74600 [5.18e-01, 4.52e+00]
74800 [5.18e-01, 4.52e+00]
75000 [5.18e-01, 4.53e+00]
75200 [5.18e-01, 4.53e+00]
75400 [5.18e-01, 4.53e+00]
75600 [5.18e-01, 4.54e+00]
75800 [5.18e-01, 4.54e+00]
76000 [5.18e-01, 4.54e+00]
76200 [5.17e-01, 4.54e+00]
76400 [5.17e-01, 4.55e+00]
76600 [5.17e-01, 4.55e+00]
76800 [5.17e-01, 4.55e+00]
77000 [5.17e-01, 4.55e+00]
77200 [5.17e-01, 4.56e+00]
77400 [5.17e-01, 4.56e+00]
77600 [5.17e-01, 4.56e+00]
77800 [5.17e-01, 4.57e+00]
78000 [5.17e-01, 4.57e+00]
78200 [5.16e-01, 4.57e+00]
78400 [5.16e-01, 4.57e+00]
78600 [5.16e-01, 4.58e+00]
78800 [5.16e-01, 4.58e+00]
79000 [5.16e-01, 4.58e+00]
79200 [5.16e-01, 4.58e+00]
79400 [5.16e-01, 4.59e+00]
79600 [5.16e-01, 4.59e+00]
79800 [5.16e-01, 4.59e+00]
80000 [5.16e-01, 4.59e+00]
80200 [5.15e-01, 4.60e+00]
80400 [5.15e-01, 4.60e+00]
80600 [5.15e-01, 4.60e+00]
80800 [5.15e-01, 4.60e+00]
81000 [5.15e-01, 4.60e+00]
81200 [5.15e-01, 4.61e+00]
81400 [5.15e-01, 4.61e+00]
81600 [5.15e-01, 4.61e+00]
81800 [5.15e-01, 4.61e+00]
82000 [5.15e-01, 4.62e+00]
82200 [5.14e-01, 4.62e+00]
82400 [5.14e-01, 4.62e+00]
82600 [5.14e-01, 4.62e+00]
82800 [5.14e-01, 4.63e+00]
83000 [5.14e-01, 4.63e+00]
83200 [5.14e-01, 4.63e+00]
83400 [5.14e-01, 4.63e+00]
83600 [5.14e-01, 4.63e+00]
83800 [5.14e-01, 4.64e+00]
84000 [5.14e-01, 4.64e+00]
84200 [5.14e-01, 4.64e+00]
84400 [5.14e-01, 4.64e+00]
84600 [5.13e-01, 4.64e+00]
84800 [5.13e-01, 4.65e+00]
85000 [5.13e-01, 4.65e+00]
85200 [5.13e-01, 4.65e+00]
85400 [5.13e-01, 4.65e+00]
85600 [5.13e-01, 4.65e+00]
85800 [5.13e-01, 4.66e+00]
86000 [5.13e-01, 4.66e+00]
86200 [5.13e-01, 4.66e+00]
86400 [5.13e-01, 4.66e+00]
86600 [5.13e-01, 4.66e+00]
86800 [5.13e-01, 4.67e+00]
87000 [5.13e-01, 4.67e+00]
87200 [5.12e-01, 4.67e+00]
87400 [5.12e-01, 4.67e+00]
87600 [5.12e-01, 4.67e+00]
87800 [5.12e-01, 4.68e+00]
88000 [5.12e-01, 4.68e+00]
88200 [5.12e-01, 4.68e+00]
88400 [5.12e-01, 4.68e+00]
88600 [5.12e-01, 4.68e+00]
88800 [5.12e-01, 4.69e+00]
89000 [5.12e-01, 4.69e+00]
89200 [5.12e-01, 4.69e+00]
89400 [5.12e-01, 4.69e+00]
89600 [5.12e-01, 4.69e+00]
89800 [5.11e-01, 4.69e+00]
90000 [5.11e-01, 4.70e+00]
90200 [5.11e-01, 4.70e+00]
90400 [5.11e-01, 4.70e+00]
90600 [5.11e-01, 4.70e+00]
90800 [5.11e-01, 4.70e+00]
91000 [5.11e-01, 4.70e+00]
91200 [5.11e-01, 4.71e+00]
91400 [5.11e-01, 4.71e+00]
91600 [5.11e-01, 4.71e+00]
91800 [5.11e-01, 4.71e+00]
92000 [5.11e-01, 4.71e+00]
92200 [5.11e-01, 4.71e+00]
92400 [5.11e-01, 4.72e+00]
92600 [5.10e-01, 4.72e+00]
92800 [5.10e-01, 4.72e+00]
93000 [5.10e-01, 4.72e+00]
93200 [5.10e-01, 4.72e+00]
93400 [5.10e-01, 4.72e+00]
93600 [5.10e-01, 4.73e+00]
93800 [5.10e-01, 4.73e+00]
94000 [5.10e-01, 4.73e+00]
94200 [5.10e-01, 4.73e+00]
94400 [5.10e-01, 4.73e+00]
94600 [5.10e-01, 4.73e+00]
94800 [5.10e-01, 4.74e+00]
95000 [5.10e-01, 4.74e+00]
95200 [5.10e-01, 4.74e+00]
95400 [5.10e-01, 4.74e+00]
95600 [5.10e-01, 4.74e+00]
95800 [5.10e-01, 4.74e+00]
96000 [5.09e-01, 4.74e+00]
96200 [5.09e-01, 4.75e+00]
96400 [5.09e-01, 4.75e+00]
96600 [5.09e-01, 4.75e+00]
96800 [5.09e-01, 4.75e+00]
97000 [5.09e-01, 4.75e+00]
97200 [5.09e-01, 4.75e+00]
97400 [5.09e-01, 4.75e+00]
97600 [5.09e-01, 4.76e+00]
97800 [5.09e-01, 4.76e+00]
98000 [5.09e-01, 4.76e+00]
98200 [5.09e-01, 4.76e+00]
98400 [5.09e-01, 4.76e+00]
98600 [5.09e-01, 4.76e+00]
98800 [5.09e-01, 4.76e+00]
99000 [5.09e-01, 4.77e+00]
99200 [5.09e-01, 4.77e+00]
99400 [5.09e-01, 4.77e+00]
99600 [5.09e-01, 4.77e+00]
99800 [5.08e-01, 4.77e+00]
100000 [5.08e-01, 4.77e+00]
100200 [5.08e-01, 4.77e+00]
100400 [5.08e-01, 4.77e+00]
100600 [5.08e-01, 4.78e+00]
100800 [5.08e-01, 4.78e+00]
101000 [5.08e-01, 4.78e+00]
101200 [5.08e-01, 4.78e+00]
101400 [5.08e-01, 4.78e+00]
101600 [5.08e-01, 4.78e+00]
101800 [5.08e-01, 4.78e+00]
102000 [5.08e-01, 4.78e+00]
102200 [5.08e-01, 4.79e+00]
102400 [5.08e-01, 4.79e+00]
102600 [5.08e-01, 4.79e+00]
102800 [5.08e-01, 4.79e+00]
103000 [5.08e-01, 4.79e+00]
103200 [5.08e-01, 4.79e+00]
103400 [5.08e-01, 4.79e+00]
103600 [5.08e-01, 4.79e+00]
103800 [5.08e-01, 4.79e+00]
104000 [5.07e-01, 4.80e+00]
104200 [5.07e-01, 4.80e+00]
104400 [5.07e-01, 4.80e+00]
104600 [5.07e-01, 4.80e+00]
104800 [5.07e-01, 4.80e+00]
105000 [5.07e-01, 4.80e+00]
105200 [5.07e-01, 4.80e+00]
105400 [5.07e-01, 4.80e+00]
105600 [5.07e-01, 4.80e+00]
105800 [5.07e-01, 4.81e+00]
106000 [5.07e-01, 4.81e+00]
106200 [5.07e-01, 4.81e+00]
106400 [5.07e-01, 4.81e+00]
106600 [5.07e-01, 4.81e+00]
106800 [5.07e-01, 4.81e+00]
107000 [5.07e-01, 4.81e+00]
107200 [5.07e-01, 4.81e+00]
107400 [5.07e-01, 4.81e+00]
107600 [5.07e-01, 4.81e+00]
107800 [5.07e-01, 4.82e+00]
108000 [5.07e-01, 4.82e+00]
108200 [5.07e-01, 4.82e+00]
108400 [5.07e-01, 4.82e+00]
108600 [5.07e-01, 4.82e+00]
108800 [5.06e-01, 4.82e+00]
109000 [5.06e-01, 4.82e+00]
109200 [5.06e-01, 4.82e+00]
109400 [5.06e-01, 4.82e+00]
109600 [5.06e-01, 4.82e+00]
109800 [5.06e-01, 4.83e+00]
110000 [5.06e-01, 4.83e+00]
110200 [5.06e-01, 4.83e+00]
110400 [5.06e-01, 4.83e+00]
110600 [5.06e-01, 4.83e+00]
110800 [5.06e-01, 4.83e+00]
111000 [5.06e-01, 4.83e+00]
111200 [5.06e-01, 4.83e+00]
111400 [5.06e-01, 4.83e+00]
111600 [5.06e-01, 4.83e+00]
111800 [5.06e-01, 4.83e+00]
112000 [5.06e-01, 4.84e+00]
112200 [5.06e-01, 4.84e+00]
112400 [5.06e-01, 4.84e+00]
112600 [5.06e-01, 4.84e+00]
112800 [5.06e-01, 4.84e+00]
113000 [5.06e-01, 4.84e+00]
113200 [5.06e-01, 4.84e+00]
113400 [5.06e-01, 4.84e+00]
113600 [5.06e-01, 4.84e+00]
113800 [5.06e-01, 4.84e+00]
114000 [5.06e-01, 4.84e+00]
114200 [5.06e-01, 4.84e+00]
114400 [5.06e-01, 4.85e+00]
114600 [5.05e-01, 4.85e+00]
114800 [5.05e-01, 4.85e+00]
115000 [5.05e-01, 4.85e+00]
115200 [5.05e-01, 4.85e+00]
115400 [5.05e-01, 4.85e+00]
115600 [5.05e-01, 4.85e+00]
115800 [5.05e-01, 4.85e+00]
116000 [5.05e-01, 4.85e+00]
116200 [5.05e-01, 4.85e+00]
116400 [5.05e-01, 4.85e+00]
116600 [5.05e-01, 4.85e+00]
116800 [5.05e-01, 4.85e+00]
117000 [5.05e-01, 4.86e+00]
117200 [5.05e-01, 4.86e+00]
117400 [5.05e-01, 4.86e+00]
117600 [5.05e-01, 4.86e+00]
117800 [5.05e-01, 4.86e+00]
118000 [5.05e-01, 4.86e+00]
118200 [5.05e-01, 4.86e+00]
118400 [5.05e-01, 4.86e+00]
118600 [5.05e-01, 4.86e+00]
118800 [5.05e-01, 4.86e+00]
119000 [5.05e-01, 4.86e+00]
119200 [5.05e-01, 4.86e+00]
119400 [5.05e-01, 4.86e+00]
119600 [5.05e-01, 4.86e+00]
119800 [5.05e-01, 4.87e+00]
120000 [5.05e-01, 4.87e+00]
120200 [5.05e-01, 4.87e+00]
120400 [5.05e-01, 4.87e+00]
120600 [5.05e-01, 4.87e+00]
120800 [5.05e-01, 4.87e+00]
121000 [5.05e-01, 4.87e+00]
121200 [5.05e-01, 4.87e+00]
121400 [5.05e-01, 4.87e+00]
121600 [5.05e-01, 4.87e+00]
121800 [5.05e-01, 4.87e+00]
122000 [5.05e-01, 4.87e+00]
122200 [5.04e-01, 4.87e+00]
122400 [5.04e-01, 4.87e+00]
122600 [5.04e-01, 4.87e+00]
122800 [5.04e-01, 4.87e+00]
123000 [5.04e-01, 4.88e+00]
123200 [5.04e-01, 4.88e+00]
123400 [5.04e-01, 4.88e+00]
123600 [5.04e-01, 4.88e+00]
123800 [5.04e-01, 4.88e+00]
124000 [5.04e-01, 4.88e+00]
124200 [5.04e-01, 4.88e+00]
124400 [5.04e-01, 4.88e+00]
124600 [5.04e-01, 4.88e+00]
124800 [5.04e-01, 4.88e+00]
125000 [5.04e-01, 4.88e+00]
125200 [5.04e-01, 4.88e+00]
125400 [5.04e-01, 4.88e+00]
125600 [5.04e-01, 4.88e+00]
125800 [5.04e-01, 4.88e+00]
126000 [5.04e-01, 4.88e+00]
126200 [5.04e-01, 4.88e+00]
126400 [5.04e-01, 4.89e+00]
126600 [5.04e-01, 4.89e+00]
126800 [5.04e-01, 4.89e+00]
127000 [5.04e-01, 4.89e+00]
127200 [5.04e-01, 4.89e+00]
127400 [5.04e-01, 4.89e+00]
127600 [5.04e-01, 4.89e+00]
127800 [5.04e-01, 4.89e+00]
128000 [5.04e-01, 4.89e+00]
128200 [5.04e-01, 4.89e+00]
128400 [5.04e-01, 4.89e+00]
128600 [5.04e-01, 4.89e+00]
128800 [5.04e-01, 4.89e+00]
129000 [5.04e-01, 4.89e+00]
129200 [5.04e-01, 4.89e+00]
129400 [5.04e-01, 4.89e+00]
129600 [5.04e-01, 4.89e+00]
129800 [5.04e-01, 4.89e+00]
130000 [5.04e-01, 4.89e+00]
130200 [5.04e-01, 4.90e+00]
130400 [5.04e-01, 4.90e+00]
130600 [5.04e-01, 4.90e+00]
130800 [5.04e-01, 4.90e+00]
131000 [5.04e-01, 4.90e+00]
131200 [5.04e-01, 4.90e+00]
131400 [5.04e-01, 4.90e+00]
131600 [5.04e-01, 4.90e+00]
131800 [5.04e-01, 4.90e+00]
132000 [5.04e-01, 4.90e+00]
132200 [5.04e-01, 4.90e+00]
132400 [5.04e-01, 4.90e+00]
132600 [5.03e-01, 4.90e+00]
132800 [5.03e-01, 4.90e+00]
133000 [5.03e-01, 4.90e+00]
133200 [5.03e-01, 4.90e+00]
133400 [5.03e-01, 4.90e+00]
133600 [5.03e-01, 4.90e+00]
133800 [5.03e-01, 4.90e+00]
134000 [5.03e-01, 4.90e+00]
134200 [5.03e-01, 4.90e+00]
134400 [5.03e-01, 4.90e+00]
134600 [5.03e-01, 4.90e+00]
134800 [5.03e-01, 4.91e+00]
135000 [5.03e-01, 4.91e+00]
135200 [5.03e-01, 4.91e+00]
135400 [5.03e-01, 4.91e+00]
135600 [5.03e-01, 4.91e+00]
135800 [5.03e-01, 4.91e+00]
136000 [5.03e-01, 4.91e+00]
136200 [5.03e-01, 4.91e+00]
136400 [5.03e-01, 4.91e+00]
136600 [5.03e-01, 4.91e+00]
136800 [5.03e-01, 4.91e+00]
137000 [5.03e-01, 4.91e+00]
137200 [5.03e-01, 4.91e+00]
137400 [5.03e-01, 4.91e+00]
137600 [5.03e-01, 4.91e+00]
137800 [5.03e-01, 4.91e+00]
138000 [5.03e-01, 4.91e+00]
138200 [5.03e-01, 4.91e+00]
138400 [5.03e-01, 4.91e+00]
138600 [5.03e-01, 4.91e+00]
138800 [5.03e-01, 4.91e+00]
139000 [5.03e-01, 4.91e+00]
139200 [5.03e-01, 4.91e+00]
139400 [5.03e-01, 4.91e+00]
139600 [5.03e-01, 4.91e+00]
139800 [5.03e-01, 4.91e+00]
140000 [5.03e-01, 4.92e+00]
140200 [5.03e-01, 4.92e+00]
140400 [5.03e-01, 4.92e+00]
140600 [5.03e-01, 4.92e+00]
140800 [5.03e-01, 4.92e+00]
141000 [5.03e-01, 4.92e+00]
141200 [5.03e-01, 4.92e+00]
141400 [5.03e-01, 4.92e+00]
141600 [5.03e-01, 4.92e+00]
141800 [5.03e-01, 4.92e+00]
142000 [5.03e-01, 4.92e+00]
142200 [5.03e-01, 4.92e+00]
142400 [5.03e-01, 4.92e+00]
142600 [5.03e-01, 4.92e+00]
142800 [5.03e-01, 4.92e+00]
143000 [5.03e-01, 4.92e+00]
143200 [5.03e-01, 4.92e+00]
143400 [5.03e-01, 4.92e+00]
143600 [5.03e-01, 4.92e+00]
143800 [5.03e-01, 4.92e+00]
144000 [5.03e-01, 4.92e+00]
144200 [5.03e-01, 4.92e+00]
144400 [5.03e-01, 4.92e+00]
144600 [5.03e-01, 4.92e+00]
144800 [5.03e-01, 4.92e+00]
145000 [5.03e-01, 4.92e+00]
145200 [5.03e-01, 4.92e+00]
145400 [5.03e-01, 4.92e+00]
145600 [5.03e-01, 4.92e+00]
145800 [5.03e-01, 4.92e+00]
146000 [5.03e-01, 4.92e+00]
146200 [5.03e-01, 4.92e+00]
146400 [5.03e-01, 4.92e+00]
146600 [5.03e-01, 4.93e+00]
146800 [5.03e-01, 4.93e+00]
147000 [5.03e-01, 4.93e+00]
147200 [5.03e-01, 4.93e+00]
147400 [5.03e-01, 4.93e+00]
147600 [5.03e-01, 4.93e+00]
147800 [5.02e-01, 4.93e+00]
148000 [5.02e-01, 4.93e+00]
148200 [5.03e-01, 4.93e+00]
148400 [5.03e-01, 4.93e+00]
148600 [5.02e-01, 4.93e+00]
148800 [5.02e-01, 4.93e+00]
149000 [5.02e-01, 4.93e+00]
149200 [5.02e-01, 4.93e+00]
149400 [5.02e-01, 4.93e+00]
149600 [5.02e-01, 4.93e+00]
149800 [5.02e-01, 4.93e+00]
150000 [5.02e-01, 4.93e+00]
150200 [5.02e-01, 4.93e+00]
150400 [5.02e-01, 4.93e+00]
150600 [5.02e-01, 4.93e+00]
150800 [5.02e-01, 4.93e+00]
151000 [5.02e-01, 4.93e+00]
151200 [5.02e-01, 4.93e+00]
151400 [5.02e-01, 4.93e+00]
151600 [5.02e-01, 4.93e+00]
151800 [5.02e-01, 4.93e+00]
152000 [5.02e-01, 4.93e+00]
152200 [5.02e-01, 4.93e+00]
152400 [5.02e-01, 4.93e+00]
152600 [5.02e-01, 4.93e+00]
152800 [5.02e-01, 4.93e+00]
153000 [5.02e-01, 4.93e+00]
153200 [5.02e-01, 4.93e+00]
153400 [5.02e-01, 4.93e+00]
153600 [5.02e-01, 4.93e+00]
153800 [5.02e-01, 4.93e+00]
154000 [5.02e-01, 4.93e+00]
154200 [5.02e-01, 4.93e+00]
154400 [5.02e-01, 4.93e+00]
154600 [5.02e-01, 4.93e+00]
154800 [5.02e-01, 4.93e+00]
155000 [5.02e-01, 4.94e+00]
155200 [5.02e-01, 4.94e+00]
155400 [5.02e-01, 4.94e+00]
155600 [5.02e-01, 4.94e+00]
155800 [5.02e-01, 4.94e+00]
156000 [5.02e-01, 4.94e+00]
156200 [5.02e-01, 4.94e+00]
156400 [5.02e-01, 4.94e+00]
156600 [5.02e-01, 4.94e+00]
156800 [5.02e-01, 4.94e+00]
157000 [5.02e-01, 4.94e+00]
157200 [5.02e-01, 4.94e+00]
157400 [5.02e-01, 4.94e+00]
157600 [5.02e-01, 4.94e+00]
157800 [5.02e-01, 4.94e+00]
158000 [5.02e-01, 4.94e+00]
158200 [5.02e-01, 4.94e+00]
158400 [5.02e-01, 4.94e+00]
158600 [5.02e-01, 4.94e+00]
158800 [5.02e-01, 4.94e+00]
159000 [5.02e-01, 4.94e+00]
159200 [5.02e-01, 4.94e+00]
159400 [5.02e-01, 4.94e+00]
159600 [5.02e-01, 4.94e+00]
159800 [5.02e-01, 4.94e+00]
160000 [5.02e-01, 4.94e+00]
160200 [5.02e-01, 4.94e+00]
160400 [5.02e-01, 4.94e+00]
160600 [5.02e-01, 4.94e+00]
160800 [5.02e-01, 4.94e+00]
161000 [5.02e-01, 4.94e+00]
161200 [5.02e-01, 4.94e+00]
161400 [5.02e-01, 4.94e+00]
161600 [5.02e-01, 4.94e+00]
161800 [5.02e-01, 4.94e+00]
162000 [5.02e-01, 4.94e+00]
162200 [5.02e-01, 4.94e+00]
162400 [5.02e-01, 4.94e+00]
162600 [5.02e-01, 4.94e+00]
162800 [5.02e-01, 4.94e+00]
163000 [5.02e-01, 4.94e+00]
163200 [5.02e-01, 4.94e+00]
163400 [5.02e-01, 4.94e+00]
163600 [5.02e-01, 4.94e+00]
163800 [5.02e-01, 4.94e+00]
164000 [5.02e-01, 4.94e+00]
164200 [5.02e-01, 4.94e+00]
164400 [5.02e-01, 4.94e+00]
164600 [5.02e-01, 4.94e+00]
164800 [5.02e-01, 4.94e+00]
165000 [5.02e-01, 4.94e+00]
165200 [5.02e-01, 4.94e+00]
165400 [5.02e-01, 4.94e+00]
165600 [5.02e-01, 4.95e+00]
165800 [5.02e-01, 4.95e+00]
166000 [5.02e-01, 4.95e+00]
166200 [5.02e-01, 4.95e+00]
166400 [5.02e-01, 4.95e+00]
166600 [5.02e-01, 4.95e+00]
166800 [5.02e-01, 4.95e+00]
167000 [5.02e-01, 4.95e+00]
167200 [5.02e-01, 4.95e+00]
167400 [5.02e-01, 4.95e+00]
167600 [5.02e-01, 4.95e+00]
167800 [5.02e-01, 4.95e+00]
168000 [5.02e-01, 4.95e+00]
168200 [5.02e-01, 4.95e+00]
168400 [5.02e-01, 4.95e+00]
168600 [5.02e-01, 4.95e+00]
168800 [5.02e-01, 4.95e+00]
169000 [5.02e-01, 4.95e+00]
169200 [5.02e-01, 4.95e+00]
169400 [5.02e-01, 4.95e+00]
169600 [5.02e-01, 4.95e+00]
169800 [5.02e-01, 4.95e+00]
170000 [5.02e-01, 4.95e+00]
170200 [5.02e-01, 4.95e+00]
170400 [5.02e-01, 4.95e+00]
170600 [5.02e-01, 4.95e+00]
170800 [5.02e-01, 4.95e+00]
171000 [5.02e-01, 4.95e+00]
171200 [5.02e-01, 4.95e+00]
171400 [5.02e-01, 4.95e+00]
171600 [5.02e-01, 4.95e+00]
171800 [5.02e-01, 4.95e+00]
172000 [5.02e-01, 4.95e+00]
172200 [5.02e-01, 4.95e+00]
172400 [5.02e-01, 4.95e+00]
172600 [5.02e-01, 4.95e+00]
172800 [5.02e-01, 4.95e+00]
173000 [5.02e-01, 4.95e+00]
173200 [5.02e-01, 4.95e+00]
173400 [5.02e-01, 4.95e+00]
173600 [5.02e-01, 4.95e+00]
173800 [5.02e-01, 4.95e+00]
174000 [5.02e-01, 4.95e+00]
174200 [5.02e-01, 4.95e+00]
174400 [5.02e-01, 4.95e+00]
174600 [5.02e-01, 4.95e+00]
174800 [5.02e-01, 4.95e+00]
175000 [5.02e-01, 4.95e+00]
175200 [5.02e-01, 4.95e+00]
175400 [5.02e-01, 4.95e+00]
175600 [5.02e-01, 4.95e+00]
175800 [5.02e-01, 4.95e+00]
176000 [5.02e-01, 4.95e+00]
176200 [5.02e-01, 4.95e+00]
176400 [5.02e-01, 4.95e+00]
176600 [5.02e-01, 4.95e+00]
176800 [5.02e-01, 4.95e+00]
177000 [5.02e-01, 4.95e+00]
177200 [5.02e-01, 4.95e+00]
177400 [5.02e-01, 4.95e+00]
177600 [5.02e-01, 4.95e+00]
177800 [5.02e-01, 4.95e+00]
178000 [5.02e-01, 4.95e+00]
178200 [5.02e-01, 4.95e+00]
178400 [5.02e-01, 4.95e+00]
178600 [5.02e-01, 4.95e+00]
178800 [5.02e-01, 4.95e+00]
179000 [5.02e-01, 4.95e+00]
179200 [5.02e-01, 4.95e+00]
179400 [5.02e-01, 4.95e+00]
179600 [5.02e-01, 4.95e+00]
179800 [5.02e-01, 4.95e+00]
180000 [5.02e-01, 4.95e+00]
180200 [5.02e-01, 4.95e+00]
180400 [5.02e-01, 4.95e+00]
180600 [5.02e-01, 4.95e+00]
180800 [5.02e-01, 4.95e+00]
181000 [5.02e-01, 4.95e+00]
181200 [5.02e-01, 4.95e+00]
181400 [5.02e-01, 4.95e+00]
181600 [5.02e-01, 4.95e+00]
181800 [5.02e-01, 4.95e+00]
182000 [5.02e-01, 4.95e+00]
182200 [5.02e-01, 4.95e+00]
182400 [5.02e-01, 4.95e+00]
182600 [5.02e-01, 4.95e+00]
182800 [5.02e-01, 4.96e+00]
183000 [5.02e-01, 4.96e+00]
183200 [5.02e-01, 4.96e+00]
183400 [5.02e-01, 4.96e+00]
183600 [5.02e-01, 4.96e+00]
183800 [5.02e-01, 4.96e+00]
184000 [5.02e-01, 4.96e+00]
184200 [5.02e-01, 4.96e+00]
184400 [5.02e-01, 4.96e+00]
184600 [5.02e-01, 4.96e+00]
184800 [5.02e-01, 4.96e+00]
185000 [5.02e-01, 4.96e+00]
185200 [5.02e-01, 4.96e+00]
185400 [5.02e-01, 4.96e+00]
185600 [5.02e-01, 4.96e+00]
185800 [5.02e-01, 4.96e+00]
186000 [5.02e-01, 4.96e+00]
186200 [5.02e-01, 4.96e+00]
186400 [5.02e-01, 4.96e+00]
186600 [5.02e-01, 4.96e+00]
186800 [5.02e-01, 4.96e+00]
187000 [5.02e-01, 4.96e+00]
187200 [5.02e-01, 4.96e+00]
187400 [5.02e-01, 4.96e+00]
187600 [5.02e-01, 4.96e+00]
187800 [5.02e-01, 4.96e+00]
188000 [5.02e-01, 4.96e+00]
188200 [5.01e-01, 4.96e+00]
188400 [5.01e-01, 4.96e+00]
188600 [5.01e-01, 4.96e+00]
188800 [5.01e-01, 4.96e+00]
189000 [5.01e-01, 4.96e+00]
189200 [5.01e-01, 4.96e+00]
189400 [5.01e-01, 4.96e+00]
189600 [5.01e-01, 4.96e+00]
189800 [5.01e-01, 4.96e+00]
190000 [5.01e-01, 4.96e+00]
190200 [5.01e-01, 4.96e+00]
190400 [5.02e-01, 4.96e+00]
190600 [5.01e-01, 4.96e+00]
190800 [5.01e-01, 4.96e+00]
191000 [5.01e-01, 4.96e+00]
191200 [5.01e-01, 4.96e+00]
191400 [5.01e-01, 4.96e+00]
191600 [5.01e-01, 4.96e+00]
191800 [5.01e-01, 4.96e+00]
192000 [5.01e-01, 4.96e+00]
192200 [5.01e-01, 4.96e+00]
192400 [5.01e-01, 4.96e+00]
192600 [5.02e-01, 4.96e+00]
192800 [5.01e-01, 4.96e+00]
193000 [5.01e-01, 4.96e+00]
193200 [5.01e-01, 4.96e+00]
193400 [5.01e-01, 4.96e+00]
193600 [5.01e-01, 4.96e+00]
193800 [5.01e-01, 4.96e+00]
194000 [5.01e-01, 4.96e+00]
194200 [5.02e-01, 4.96e+00]
194400 [5.01e-01, 4.96e+00]
194600 [5.01e-01, 4.96e+00]
194800 [5.01e-01, 4.96e+00]
195000 [5.01e-01, 4.96e+00]
195200 [5.01e-01, 4.96e+00]
195400 [5.01e-01, 4.96e+00]
195600 [5.01e-01, 4.96e+00]
195800 [5.01e-01, 4.96e+00]
196000 [5.01e-01, 4.96e+00]
196200 [5.01e-01, 4.96e+00]
196400 [5.01e-01, 4.96e+00]
196600 [5.01e-01, 4.96e+00]
196800 [5.01e-01, 4.96e+00]
197000 [5.01e-01, 4.96e+00]
197200 [5.01e-01, 4.96e+00]
197400 [5.01e-01, 4.96e+00]
197600 [5.01e-01, 4.96e+00]
197800 [5.01e-01, 4.96e+00]
198000 [5.01e-01, 4.96e+00]
198200 [5.01e-01, 4.96e+00]
198400 [5.01e-01, 4.96e+00]
198600 [5.01e-01, 4.96e+00]
198800 [5.01e-01, 4.96e+00]
199000 [5.01e-01, 4.96e+00]
199200 [5.01e-01, 4.96e+00]
199400 [5.01e-01, 4.96e+00]
199600 [5.01e-01, 4.96e+00]
199800 [5.01e-01, 4.96e+00]
200000 [5.01e-01, 4.96e+00]
200200 [5.01e-01, 4.96e+00]
200400 [5.01e-01, 4.96e+00]
200600 [5.01e-01, 4.96e+00]
200800 [5.01e-01, 4.96e+00]
201000 [5.01e-01, 4.96e+00]
201200 [5.01e-01, 4.96e+00]
201400 [5.01e-01, 4.96e+00]
201600 [5.01e-01, 4.96e+00]
201800 [5.01e-01, 4.96e+00]
202000 [5.01e-01, 4.96e+00]
202200 [5.01e-01, 4.96e+00]
202400 [5.01e-01, 4.96e+00]
202600 [5.01e-01, 4.96e+00]
202800 [5.01e-01, 4.96e+00]
203000 [5.01e-01, 4.96e+00]
203200 [5.01e-01, 4.96e+00]
203400 [5.01e-01, 4.96e+00]
203600 [5.01e-01, 4.96e+00]
203800 [5.01e-01, 4.96e+00]
204000 [5.01e-01, 4.96e+00]
204200 [5.01e-01, 4.96e+00]
204400 [5.01e-01, 4.96e+00]
204600 [5.01e-01, 4.96e+00]
204800 [5.01e-01, 4.96e+00]
205000 [5.01e-01, 4.96e+00]
205200 [5.01e-01, 4.96e+00]
205400 [5.01e-01, 4.96e+00]
205600 [5.01e-01, 4.96e+00]
205800 [5.01e-01, 4.96e+00]
206000 [5.01e-01, 4.96e+00]
206200 [5.01e-01, 4.96e+00]
206400 [5.01e-01, 4.96e+00]
206600 [5.01e-01, 4.96e+00]
206800 [5.01e-01, 4.96e+00]
207000 [5.01e-01, 4.96e+00]
207200 [5.01e-01, 4.96e+00]
207400 [5.01e-01, 4.96e+00]
207600 [5.01e-01, 4.96e+00]
207800 [5.01e-01, 4.96e+00]
208000 [5.01e-01, 4.96e+00]
208200 [5.01e-01, 4.96e+00]
208400 [5.01e-01, 4.96e+00]
208600 [5.01e-01, 4.96e+00]
208800 [5.01e-01, 4.96e+00]
209000 [5.01e-01, 4.96e+00]
209200 [5.01e-01, 4.96e+00]
209400 [5.01e-01, 4.96e+00]
209600 [5.01e-01, 4.96e+00]
209800 [5.01e-01, 4.96e+00]
210000 [5.01e-01, 4.96e+00]
210200 [5.01e-01, 4.96e+00]
210400 [5.01e-01, 4.96e+00]
210600 [5.01e-01, 4.96e+00]
210800 [5.01e-01, 4.96e+00]
211000 [5.01e-01, 4.96e+00]
211200 [5.01e-01, 4.96e+00]
211400 [5.01e-01, 4.96e+00]
211600 [5.01e-01, 4.96e+00]
211800 [5.01e-01, 4.96e+00]
212000 [5.01e-01, 4.96e+00]
212200 [5.01e-01, 4.96e+00]
212400 [5.01e-01, 4.96e+00]
212600 [5.01e-01, 4.96e+00]
212800 [5.01e-01, 4.96e+00]
213000 [5.01e-01, 4.96e+00]
213200 [5.01e-01, 4.96e+00]
213400 [5.01e-01, 4.96e+00]
213600 [5.01e-01, 4.96e+00]
213800 [5.01e-01, 4.96e+00]
214000 [5.01e-01, 4.96e+00]
214200 [5.01e-01, 4.96e+00]
214400 [5.01e-01, 4.96e+00]
214600 [5.01e-01, 4.96e+00]
214800 [5.01e-01, 4.96e+00]
215000 [5.01e-01, 4.96e+00]
215200 [5.01e-01, 4.96e+00]
215400 [5.01e-01, 4.96e+00]
215600 [5.01e-01, 4.96e+00]
215800 [5.01e-01, 4.96e+00]
216000 [5.01e-01, 4.96e+00]
216200 [5.01e-01, 4.96e+00]
216400 [5.01e-01, 4.96e+00]
216600 [5.01e-01, 4.96e+00]
216800 [5.01e-01, 4.96e+00]
217000 [5.01e-01, 4.96e+00]
217200 [5.01e-01, 4.96e+00]
217400 [5.01e-01, 4.97e+00]
217600 [5.01e-01, 4.97e+00]
217800 [5.01e-01, 4.97e+00]
218000 [5.01e-01, 4.97e+00]
218200 [5.01e-01, 4.97e+00]
218400 [5.01e-01, 4.97e+00]
218600 [5.01e-01, 4.97e+00]
218800 [5.01e-01, 4.97e+00]
219000 [5.01e-01, 4.97e+00]
219200 [5.01e-01, 4.97e+00]
219400 [5.01e-01, 4.97e+00]
219600 [5.01e-01, 4.97e+00]
219800 [5.01e-01, 4.97e+00]
220000 [5.01e-01, 4.97e+00]
220200 [5.01e-01, 4.97e+00]
220400 [5.01e-01, 4.97e+00]
220600 [5.01e-01, 4.97e+00]
220800 [5.01e-01, 4.97e+00]
221000 [5.01e-01, 4.97e+00]
221200 [5.01e-01, 4.97e+00]
221400 [5.01e-01, 4.97e+00]
221600 [5.01e-01, 4.97e+00]
221800 [5.01e-01, 4.97e+00]
222000 [5.01e-01, 4.97e+00]
222200 [5.01e-01, 4.97e+00]
222400 [5.01e-01, 4.97e+00]
222600 [5.01e-01, 4.97e+00]
222800 [5.01e-01, 4.97e+00]
223000 [5.01e-01, 4.97e+00]
223200 [5.01e-01, 4.97e+00]
223400 [5.01e-01, 4.97e+00]
223600 [5.01e-01, 4.97e+00]
223800 [5.01e-01, 4.97e+00]
224000 [5.01e-01, 4.97e+00]
224200 [5.01e-01, 4.97e+00]
224400 [5.01e-01, 4.97e+00]
224600 [5.01e-01, 4.97e+00]
224800 [5.01e-01, 4.97e+00]
225000 [5.01e-01, 4.97e+00]
225200 [5.01e-01, 4.97e+00]
225400 [5.01e-01, 4.97e+00]
225600 [5.01e-01, 4.97e+00]
225800 [5.01e-01, 4.97e+00]
226000 [5.01e-01, 4.97e+00]
226200 [5.01e-01, 4.97e+00]
226400 [5.01e-01, 4.97e+00]
226600 [5.01e-01, 4.97e+00]
226800 [5.01e-01, 4.97e+00]
227000 [5.01e-01, 4.97e+00]
227200 [5.01e-01, 4.97e+00]
227400 [5.01e-01, 4.97e+00]
227600 [5.01e-01, 4.97e+00]
227800 [5.01e-01, 4.97e+00]
228000 [5.01e-01, 4.97e+00]
228200 [5.01e-01, 4.97e+00]
228400 [5.01e-01, 4.97e+00]
228600 [5.01e-01, 4.97e+00]
228800 [5.01e-01, 4.97e+00]
229000 [5.01e-01, 4.97e+00]
229200 [5.01e-01, 4.97e+00]
229400 [5.01e-01, 4.97e+00]
229600 [5.01e-01, 4.97e+00]
229800 [5.01e-01, 4.97e+00]
230000 [5.01e-01, 4.97e+00]
230200 [5.01e-01, 4.97e+00]
230400 [5.01e-01, 4.97e+00]
230600 [5.01e-01, 4.97e+00]
230800 [5.01e-01, 4.97e+00]
231000 [5.01e-01, 4.97e+00]
231200 [5.01e-01, 4.97e+00]
231400 [5.01e-01, 4.97e+00]
231600 [5.01e-01, 4.97e+00]
231800 [5.01e-01, 4.97e+00]
232000 [5.01e-01, 4.97e+00]
232200 [5.01e-01, 4.97e+00]
232400 [5.01e-01, 4.97e+00]
232600 [5.01e-01, 4.97e+00]
232800 [5.01e-01, 4.97e+00]
233000 [5.01e-01, 4.97e+00]
233200 [5.01e-01, 4.97e+00]
233400 [5.01e-01, 4.97e+00]
233600 [5.01e-01, 4.97e+00]
233800 [5.01e-01, 4.97e+00]
234000 [5.01e-01, 4.97e+00]
234200 [5.01e-01, 4.97e+00]
234400 [5.01e-01, 4.97e+00]
234600 [5.01e-01, 4.97e+00]
234800 [5.01e-01, 4.97e+00]
235000 [5.01e-01, 4.97e+00]
235200 [5.01e-01, 4.97e+00]
235400 [5.01e-01, 4.97e+00]
235600 [5.01e-01, 4.97e+00]
235800 [5.01e-01, 4.97e+00]
236000 [5.01e-01, 4.97e+00]
236200 [5.01e-01, 4.97e+00]
236400 [5.01e-01, 4.97e+00]
236600 [5.01e-01, 4.97e+00]
236800 [5.01e-01, 4.97e+00]
237000 [5.01e-01, 4.97e+00]
237200 [5.01e-01, 4.97e+00]
237400 [5.01e-01, 4.97e+00]
237600 [5.01e-01, 4.97e+00]
237800 [5.01e-01, 4.97e+00]
238000 [5.01e-01, 4.97e+00]
238200 [5.01e-01, 4.97e+00]
238400 [5.01e-01, 4.97e+00]
238600 [5.01e-01, 4.97e+00]
238800 [5.01e-01, 4.97e+00]
239000 [5.01e-01, 4.97e+00]
239200 [5.01e-01, 4.97e+00]
239400 [5.01e-01, 4.97e+00]
239600 [5.01e-01, 4.97e+00]
239800 [5.01e-01, 4.97e+00]
240000 [5.01e-01, 4.97e+00]
240200 [5.01e-01, 4.97e+00]
240400 [5.01e-01, 4.97e+00]
240600 [5.01e-01, 4.97e+00]
240800 [5.01e-01, 4.97e+00]
241000 [5.01e-01, 4.97e+00]
241200 [5.01e-01, 4.97e+00]
241400 [5.01e-01, 4.97e+00]
241600 [5.01e-01, 4.97e+00]
241800 [5.01e-01, 4.97e+00]
242000 [5.01e-01, 4.97e+00]
242200 [5.01e-01, 4.97e+00]
242400 [5.01e-01, 4.97e+00]
242600 [5.01e-01, 4.97e+00]
242800 [5.01e-01, 4.97e+00]
243000 [5.01e-01, 4.97e+00]
243200 [5.01e-01, 4.97e+00]
243400 [5.01e-01, 4.97e+00]
243600 [5.01e-01, 4.97e+00]
243800 [5.01e-01, 4.97e+00]
244000 [5.01e-01, 4.97e+00]
244200 [5.01e-01, 4.97e+00]
244400 [5.01e-01, 4.97e+00]
244600 [5.01e-01, 4.97e+00]
244800 [5.01e-01, 4.97e+00]
245000 [5.01e-01, 4.97e+00]
245200 [5.01e-01, 4.97e+00]
245400 [5.01e-01, 4.97e+00]
245600 [5.01e-01, 4.97e+00]
245800 [5.01e-01, 4.97e+00]
246000 [5.01e-01, 4.97e+00]
246200 [5.01e-01, 4.97e+00]
246400 [5.01e-01, 4.97e+00]
246600 [5.01e-01, 4.97e+00]
246800 [5.01e-01, 4.97e+00]
247000 [5.01e-01, 4.97e+00]
247200 [5.01e-01, 4.97e+00]
247400 [5.01e-01, 4.97e+00]
247600 [5.01e-01, 4.97e+00]
247800 [5.01e-01, 4.97e+00]
248000 [5.01e-01, 4.97e+00]
248200 [5.01e-01, 4.97e+00]
248400 [5.01e-01, 4.97e+00]
248600 [5.01e-01, 4.97e+00]
248800 [5.01e-01, 4.97e+00]
249000 [5.01e-01, 4.97e+00]
249200 [5.01e-01, 4.97e+00]
249400 [5.01e-01, 4.97e+00]
249600 [5.01e-01, 4.97e+00]
249800 [5.01e-01, 4.97e+00]
250000 [5.01e-01, 4.97e+00]
250200 [5.01e-01, 4.97e+00]
250400 [5.01e-01, 4.97e+00]
250600 [5.01e-01, 4.97e+00]
250800 [5.01e-01, 4.97e+00]
251000 [5.01e-01, 4.97e+00]
251200 [5.01e-01, 4.97e+00]
251400 [5.01e-01, 4.97e+00]
251600 [5.01e-01, 4.97e+00]
251800 [5.01e-01, 4.97e+00]
252000 [5.01e-01, 4.97e+00]
252200 [5.01e-01, 4.97e+00]
252400 [5.01e-01, 4.97e+00]
252600 [5.01e-01, 4.97e+00]
252800 [5.01e-01, 4.97e+00]
253000 [5.01e-01, 4.97e+00]
253200 [5.01e-01, 4.97e+00]
253400 [5.01e-01, 4.97e+00]
253600 [5.01e-01, 4.97e+00]
253800 [5.01e-01, 4.97e+00]
254000 [5.01e-01, 4.97e+00]
254200 [5.01e-01, 4.97e+00]
254400 [5.01e-01, 4.97e+00]
254600 [5.01e-01, 4.97e+00]
254800 [5.01e-01, 4.97e+00]
255000 [5.01e-01, 4.97e+00]
255200 [5.01e-01, 4.97e+00]
255400 [5.01e-01, 4.97e+00]
255600 [5.01e-01, 4.97e+00]
255800 [5.01e-01, 4.97e+00]
256000 [5.01e-01, 4.97e+00]
256200 [5.01e-01, 4.97e+00]
256400 [5.01e-01, 4.97e+00]
256600 [5.01e-01, 4.97e+00]
256800 [5.01e-01, 4.97e+00]
257000 [5.01e-01, 4.97e+00]
257200 [5.01e-01, 4.97e+00]
257400 [5.01e-01, 4.97e+00]
257600 [5.01e-01, 4.97e+00]
257800 [5.01e-01, 4.97e+00]
258000 [5.01e-01, 4.97e+00]
258200 [5.01e-01, 4.97e+00]
258400 [5.01e-01, 4.97e+00]
258600 [5.01e-01, 4.97e+00]
258800 [5.01e-01, 4.97e+00]
259000 [5.01e-01, 4.97e+00]
259200 [5.01e-01, 4.97e+00]
259400 [5.01e-01, 4.97e+00]
259600 [5.01e-01, 4.97e+00]
259800 [5.01e-01, 4.97e+00]
260000 [5.01e-01, 4.97e+00]
260200 [5.01e-01, 4.97e+00]
260400 [5.01e-01, 4.97e+00]
260600 [5.01e-01, 4.97e+00]
260800 [5.01e-01, 4.97e+00]
261000 [5.01e-01, 4.97e+00]
261200 [5.01e-01, 4.97e+00]
261400 [5.01e-01, 4.97e+00]
261600 [5.01e-01, 4.97e+00]
261800 [5.01e-01, 4.97e+00]
262000 [5.01e-01, 4.97e+00]
262200 [5.01e-01, 4.97e+00]
262400 [5.01e-01, 4.97e+00]
262600 [5.01e-01, 4.97e+00]
262800 [5.01e-01, 4.97e+00]
263000 [5.01e-01, 4.97e+00]
263200 [5.01e-01, 4.97e+00]
263400 [5.01e-01, 4.97e+00]
263600 [5.01e-01, 4.97e+00]
263800 [5.01e-01, 4.97e+00]
264000 [5.01e-01, 4.97e+00]
264200 [5.01e-01, 4.97e+00]
264400 [5.01e-01, 4.97e+00]
264600 [5.01e-01, 4.97e+00]
264800 [5.01e-01, 4.97e+00]
265000 [5.01e-01, 4.97e+00]
265200 [5.01e-01, 4.97e+00]
265400 [5.01e-01, 4.97e+00]
265600 [5.01e-01, 4.97e+00]
265800 [5.01e-01, 4.97e+00]
266000 [5.01e-01, 4.97e+00]
266200 [5.01e-01, 4.97e+00]
266400 [5.01e-01, 4.97e+00]
266600 [5.01e-01, 4.97e+00]
266800 [5.01e-01, 4.97e+00]
267000 [5.01e-01, 4.97e+00]
267200 [5.01e-01, 4.97e+00]
267400 [5.01e-01, 4.97e+00]
267600 [5.01e-01, 4.97e+00]
267800 [5.01e-01, 4.97e+00]
268000 [5.01e-01, 4.97e+00]
268200 [5.01e-01, 4.97e+00]
268400 [5.01e-01, 4.97e+00]
268600 [5.01e-01, 4.97e+00]
268800 [5.01e-01, 4.97e+00]
269000 [5.01e-01, 4.97e+00]
269200 [5.01e-01, 4.97e+00]
269400 [5.01e-01, 4.97e+00]
269600 [5.01e-01, 4.97e+00]
269800 [5.01e-01, 4.97e+00]
270000 [5.01e-01, 4.97e+00]
270200 [5.01e-01, 4.97e+00]
270400 [5.01e-01, 4.97e+00]
270600 [5.01e-01, 4.97e+00]
270800 [5.01e-01, 4.97e+00]
271000 [5.01e-01, 4.97e+00]
271200 [5.01e-01, 4.97e+00]
271400 [5.01e-01, 4.97e+00]
271600 [5.01e-01, 4.97e+00]
271800 [5.01e-01, 4.97e+00]
272000 [5.01e-01, 4.97e+00]
272200 [5.01e-01, 4.97e+00]
272400 [5.01e-01, 4.97e+00]
272600 [5.01e-01, 4.97e+00]
272800 [5.01e-01, 4.97e+00]
273000 [5.01e-01, 4.97e+00]
273200 [5.01e-01, 4.97e+00]
273400 [5.01e-01, 4.97e+00]
273600 [5.01e-01, 4.97e+00]
273800 [5.01e-01, 4.97e+00]
274000 [5.01e-01, 4.97e+00]
274200 [5.01e-01, 4.97e+00]
274400 [5.01e-01, 4.97e+00]
274600 [5.01e-01, 4.97e+00]
274800 [5.01e-01, 4.97e+00]
275000 [5.01e-01, 4.97e+00]
275200 [5.01e-01, 4.97e+00]
275400 [5.01e-01, 4.97e+00]
275600 [5.01e-01, 4.97e+00]
275800 [5.01e-01, 4.97e+00]
276000 [5.01e-01, 4.97e+00]
276200 [5.01e-01, 4.97e+00]
276400 [5.01e-01, 4.97e+00]
276600 [5.01e-01, 4.97e+00]
276800 [5.01e-01, 4.97e+00]
277000 [5.01e-01, 4.97e+00]
277200 [5.01e-01, 4.97e+00]
277400 [5.01e-01, 4.97e+00]
277600 [5.01e-01, 4.97e+00]
277800 [5.01e-01, 4.97e+00]
278000 [5.01e-01, 4.97e+00]
278200 [5.01e-01, 4.97e+00]
278400 [5.01e-01, 4.97e+00]
278600 [5.01e-01, 4.97e+00]
278800 [5.01e-01, 4.97e+00]
279000 [5.01e-01, 4.97e+00]
279200 [5.01e-01, 4.97e+00]
279400 [5.01e-01, 4.97e+00]
279600 [5.01e-01, 4.97e+00]
279800 [5.01e-01, 4.97e+00]
280000 [5.01e-01, 4.97e+00]
280200 [5.01e-01, 4.97e+00]
280400 [5.01e-01, 4.97e+00]
280600 [5.01e-01, 4.97e+00]
280800 [5.01e-01, 4.97e+00]
281000 [5.01e-01, 4.97e+00]
281200 [5.01e-01, 4.97e+00]
281400 [5.01e-01, 4.97e+00]
281600 [5.01e-01, 4.97e+00]
281800 [5.01e-01, 4.97e+00]
282000 [5.01e-01, 4.97e+00]
282200 [5.01e-01, 4.97e+00]
282400 [5.01e-01, 4.97e+00]
282600 [5.01e-01, 4.97e+00]
282800 [5.01e-01, 4.97e+00]
283000 [5.01e-01, 4.97e+00]
283200 [5.01e-01, 4.97e+00]
283400 [5.01e-01, 4.97e+00]
283600 [5.01e-01, 4.97e+00]
283800 [5.01e-01, 4.97e+00]
284000 [5.01e-01, 4.97e+00]
284200 [5.01e-01, 4.97e+00]
284400 [5.01e-01, 4.97e+00]
284600 [5.01e-01, 4.97e+00]
284800 [5.01e-01, 4.97e+00]
285000 [5.01e-01, 4.97e+00]
285200 [5.01e-01, 4.97e+00]
285400 [5.01e-01, 4.97e+00]
285600 [5.01e-01, 4.97e+00]
285800 [5.01e-01, 4.97e+00]
286000 [5.01e-01, 4.97e+00]
286200 [5.01e-01, 4.97e+00]
286400 [5.01e-01, 4.97e+00]
286600 [5.01e-01, 4.97e+00]
286800 [5.01e-01, 4.97e+00]
287000 [5.01e-01, 4.97e+00]
287200 [5.01e-01, 4.97e+00]
287400 [5.01e-01, 4.97e+00]
287600 [5.01e-01, 4.97e+00]
287800 [5.01e-01, 4.97e+00]
288000 [5.01e-01, 4.97e+00]
288200 [5.01e-01, 4.97e+00]
288400 [5.01e-01, 4.97e+00]
288600 [5.01e-01, 4.97e+00]
288800 [5.01e-01, 4.97e+00]
289000 [5.01e-01, 4.97e+00]
289200 [5.01e-01, 4.97e+00]
289400 [5.01e-01, 4.97e+00]
289600 [5.01e-01, 4.97e+00]
289800 [5.01e-01, 4.97e+00]
290000 [5.01e-01, 4.97e+00]
290200 [5.01e-01, 4.97e+00]
290400 [5.01e-01, 4.97e+00]
290600 [5.01e-01, 4.97e+00]
290800 [5.01e-01, 4.97e+00]
291000 [5.01e-01, 4.97e+00]
291200 [5.01e-01, 4.97e+00]
291400 [5.01e-01, 4.97e+00]
291600 [5.01e-01, 4.97e+00]
291800 [5.01e-01, 4.97e+00]
292000 [5.01e-01, 4.97e+00]
292200 [5.01e-01, 4.97e+00]
292400 [5.01e-01, 4.97e+00]
292600 [5.01e-01, 4.97e+00]
292800 [5.01e-01, 4.97e+00]
293000 [5.01e-01, 4.97e+00]
293200 [5.01e-01, 4.97e+00]
293400 [5.01e-01, 4.97e+00]
293600 [5.01e-01, 4.97e+00]
293800 [5.01e-01, 4.97e+00]
294000 [5.01e-01, 4.97e+00]
294200 [5.01e-01, 4.97e+00]
294400 [5.01e-01, 4.97e+00]
294600 [5.01e-01, 4.97e+00]
294800 [5.01e-01, 4.97e+00]
295000 [5.01e-01, 4.97e+00]
295200 [5.01e-01, 4.97e+00]
295400 [5.01e-01, 4.97e+00]
295600 [5.01e-01, 4.97e+00]
295800 [5.01e-01, 4.97e+00]
296000 [5.01e-01, 4.97e+00]
296200 [5.01e-01, 4.97e+00]
296400 [5.01e-01, 4.97e+00]
296600 [5.01e-01, 4.97e+00]
296800 [5.01e-01, 4.97e+00]
297000 [5.01e-01, 4.97e+00]
297200 [5.01e-01, 4.97e+00]
297400 [5.01e-01, 4.97e+00]
297600 [5.01e-01, 4.97e+00]
297800 [5.01e-01, 4.97e+00]
298000 [5.01e-01, 4.97e+00]
298200 [5.01e-01, 4.97e+00]
298400 [5.01e-01, 4.97e+00]
298600 [5.01e-01, 4.97e+00]
298800 [5.01e-01, 4.97e+00]
299000 [5.01e-01, 4.97e+00]
299200 [5.01e-01, 4.97e+00]
299400 [5.01e-01, 4.97e+00]
299600 [5.01e-01, 4.97e+00]
299800 [5.01e-01, 4.97e+00]
300000 [5.01e-01, 4.97e+00]
300200 [5.01e-01, 4.97e+00]
300400 [5.01e-01, 4.97e+00]
300600 [5.01e-01, 4.97e+00]
300800 [5.01e-01, 4.97e+00]
301000 [5.01e-01, 4.97e+00]
301200 [5.01e-01, 4.97e+00]
301400 [5.01e-01, 4.97e+00]
301600 [5.01e-01, 4.97e+00]
301800 [5.01e-01, 4.97e+00]
302000 [5.01e-01, 4.97e+00]
302200 [5.01e-01, 4.97e+00]
302400 [5.01e-01, 4.97e+00]
302600 [5.01e-01, 4.97e+00]
302800 [5.01e-01, 4.97e+00]
303000 [5.01e-01, 4.97e+00]
303200 [5.01e-01, 4.97e+00]
303400 [5.01e-01, 4.97e+00]
303600 [5.01e-01, 4.97e+00]
303800 [5.01e-01, 4.97e+00]
304000 [5.01e-01, 4.97e+00]
304200 [5.01e-01, 4.97e+00]
304400 [5.01e-01, 4.97e+00]
304600 [5.01e-01, 4.97e+00]
304800 [5.01e-01, 4.97e+00]
305000 [5.01e-01, 4.97e+00]
305200 [5.01e-01, 4.97e+00]
305400 [5.01e-01, 4.97e+00]
305600 [5.01e-01, 4.97e+00]
305800 [5.01e-01, 4.97e+00]
306000 [5.01e-01, 4.97e+00]
306200 [5.01e-01, 4.97e+00]
306400 [5.01e-01, 4.97e+00]
306600 [5.01e-01, 4.97e+00]
306800 [5.01e-01, 4.97e+00]
307000 [5.01e-01, 4.97e+00]
307200 [5.01e-01, 4.97e+00]
307400 [5.01e-01, 4.97e+00]
307600 [5.01e-01, 4.97e+00]
307800 [5.01e-01, 4.97e+00]
308000 [5.01e-01, 4.97e+00]
308200 [5.01e-01, 4.97e+00]
308400 [5.01e-01, 4.97e+00]
308600 [5.01e-01, 4.97e+00]
308800 [5.01e-01, 4.97e+00]
309000 [5.01e-01, 4.97e+00]
309200 [5.01e-01, 4.97e+00]
309400 [5.01e-01, 4.97e+00]
309600 [5.01e-01, 4.97e+00]
309800 [5.01e-01, 4.97e+00]
310000 [5.01e-01, 4.97e+00]
310200 [5.01e-01, 4.97e+00]
310400 [5.01e-01, 4.97e+00]
310600 [5.01e-01, 4.97e+00]
310800 [5.01e-01, 4.97e+00]
311000 [5.01e-01, 4.97e+00]
311200 [5.01e-01, 4.97e+00]
311400 [5.01e-01, 4.97e+00]
311600 [5.01e-01, 4.97e+00]
311800 [5.01e-01, 4.97e+00]
312000 [5.01e-01, 4.97e+00]
312200 [5.01e-01, 4.97e+00]
312400 [5.01e-01, 4.97e+00]
312600 [5.01e-01, 4.97e+00]
312800 [5.01e-01, 4.97e+00]
313000 [5.01e-01, 4.97e+00]
313200 [5.01e-01, 4.97e+00]
313400 [5.01e-01, 4.97e+00]
313600 [5.01e-01, 4.97e+00]
313800 [5.01e-01, 4.97e+00]
314000 [5.01e-01, 4.97e+00]
314200 [5.01e-01, 4.97e+00]
314400 [5.01e-01, 4.97e+00]
314600 [5.01e-01, 4.97e+00]
314800 [5.01e-01, 4.97e+00]
315000 [5.01e-01, 4.97e+00]
315200 [5.01e-01, 4.97e+00]
315400 [5.01e-01, 4.97e+00]
315600 [5.01e-01, 4.97e+00]
315800 [5.01e-01, 4.97e+00]
316000 [5.01e-01, 4.97e+00]
316200 [5.01e-01, 4.97e+00]
316400 [5.01e-01, 4.97e+00]
316600 [5.01e-01, 4.97e+00]
316800 [5.01e-01, 4.97e+00]
317000 [5.01e-01, 4.97e+00]
317200 [5.01e-01, 4.97e+00]
317400 [5.01e-01, 4.97e+00]
317600 [5.01e-01, 4.97e+00]
317800 [5.01e-01, 4.97e+00]
318000 [5.01e-01, 4.97e+00]
318200 [5.01e-01, 4.97e+00]
318400 [5.01e-01, 4.97e+00]
318600 [5.01e-01, 4.97e+00]
318800 [5.01e-01, 4.97e+00]
319000 [5.01e-01, 4.97e+00]
319200 [5.01e-01, 4.97e+00]
319400 [5.01e-01, 4.97e+00]
319600 [5.01e-01, 4.97e+00]
319800 [5.01e-01, 4.97e+00]
320000 [5.01e-01, 4.97e+00]
320200 [5.01e-01, 4.97e+00]
320400 [5.01e-01, 4.97e+00]
320600 [5.01e-01, 4.97e+00]
320800 [5.01e-01, 4.97e+00]
321000 [5.01e-01, 4.97e+00]
321200 [5.01e-01, 4.97e+00]
321400 [5.01e-01, 4.97e+00]
321600 [5.01e-01, 4.97e+00]
321800 [5.01e-01, 4.97e+00]
322000 [5.01e-01, 4.97e+00]
322200 [5.01e-01, 4.97e+00]
322400 [5.01e-01, 4.97e+00]
322600 [5.01e-01, 4.97e+00]
322800 [5.01e-01, 4.97e+00]
323000 [5.01e-01, 4.97e+00]
323200 [5.01e-01, 4.97e+00]
323400 [5.01e-01, 4.97e+00]
323600 [5.01e-01, 4.97e+00]
323800 [5.01e-01, 4.97e+00]
324000 [5.01e-01, 4.97e+00]
324200 [5.01e-01, 4.97e+00]
324400 [5.01e-01, 4.97e+00]
324600 [5.01e-01, 4.97e+00]
324800 [5.01e-01, 4.97e+00]
325000 [5.01e-01, 4.97e+00]
325200 [5.01e-01, 4.97e+00]
325400 [5.01e-01, 4.97e+00]
325600 [5.01e-01, 4.97e+00]
325800 [5.01e-01, 4.97e+00]
326000 [5.01e-01, 4.97e+00]
326200 [5.01e-01, 4.97e+00]
326400 [5.01e-01, 4.97e+00]
326600 [5.01e-01, 4.97e+00]
326800 [5.01e-01, 4.97e+00]
327000 [5.01e-01, 4.97e+00]
327200 [5.01e-01, 4.97e+00]
327400 [5.01e-01, 4.97e+00]
327600 [5.01e-01, 4.97e+00]
327800 [5.01e-01, 4.97e+00]
328000 [5.01e-01, 4.97e+00]
328200 [5.01e-01, 4.97e+00]
328400 [5.01e-01, 4.97e+00]
328600 [5.01e-01, 4.97e+00]
328800 [5.01e-01, 4.97e+00]
329000 [5.01e-01, 4.97e+00]
329200 [5.01e-01, 4.97e+00]
329400 [5.01e-01, 4.97e+00]
329600 [5.01e-01, 4.97e+00]
329800 [5.01e-01, 4.97e+00]
330000 [5.01e-01, 4.97e+00]
330200 [5.01e-01, 4.97e+00]
330400 [5.01e-01, 4.97e+00]
330600 [5.01e-01, 4.97e+00]
330800 [5.01e-01, 4.97e+00]
331000 [5.01e-01, 4.97e+00]
331200 [5.01e-01, 4.97e+00]
331400 [5.01e-01, 4.97e+00]
331600 [5.01e-01, 4.97e+00]
331800 [5.01e-01, 4.97e+00]
332000 [5.01e-01, 4.97e+00]
332200 [5.01e-01, 4.97e+00]
332400 [5.01e-01, 4.97e+00]
332600 [5.01e-01, 4.97e+00]
332800 [5.01e-01, 4.97e+00]
333000 [5.01e-01, 4.97e+00]
333200 [5.01e-01, 4.97e+00]
333400 [5.01e-01, 4.97e+00]
333600 [5.01e-01, 4.97e+00]
333800 [5.01e-01, 4.97e+00]
334000 [5.01e-01, 4.97e+00]
334200 [5.01e-01, 4.97e+00]
334400 [5.01e-01, 4.97e+00]
334600 [5.01e-01, 4.97e+00]
334800 [5.01e-01, 4.97e+00]
335000 [5.01e-01, 4.97e+00]
335200 [5.01e-01, 4.97e+00]
335400 [5.01e-01, 4.97e+00]
335600 [5.01e-01, 4.97e+00]
335800 [5.01e-01, 4.97e+00]
336000 [5.01e-01, 4.97e+00]
336200 [5.01e-01, 4.97e+00]
336400 [5.01e-01, 4.97e+00]
336600 [5.01e-01, 4.97e+00]
336800 [5.01e-01, 4.97e+00]
337000 [5.01e-01, 4.97e+00]
337200 [5.01e-01, 4.97e+00]
337400 [5.01e-01, 4.97e+00]
337600 [5.01e-01, 4.97e+00]
337800 [5.01e-01, 4.97e+00]
338000 [5.01e-01, 4.97e+00]
338200 [5.01e-01, 4.97e+00]
338400 [5.01e-01, 4.97e+00]
338600 [5.01e-01, 4.97e+00]
338800 [5.01e-01, 4.97e+00]
339000 [5.01e-01, 4.97e+00]
339200 [5.01e-01, 4.97e+00]
339400 [5.01e-01, 4.97e+00]
339600 [5.01e-01, 4.97e+00]
339800 [5.01e-01, 4.97e+00]
340000 [5.01e-01, 4.97e+00]
340200 [5.01e-01, 4.97e+00]
340400 [5.01e-01, 4.97e+00]
340600 [5.01e-01, 4.97e+00]
340800 [5.01e-01, 4.97e+00]
341000 [5.01e-01, 4.97e+00]
341200 [5.01e-01, 4.97e+00]
341400 [5.01e-01, 4.97e+00]
341600 [5.01e-01, 4.97e+00]
341800 [5.01e-01, 4.97e+00]
342000 [5.01e-01, 4.97e+00]
342200 [5.01e-01, 4.97e+00]
342400 [5.01e-01, 4.97e+00]
342600 [5.01e-01, 4.97e+00]
342800 [5.01e-01, 4.97e+00]
343000 [5.01e-01, 4.97e+00]
343200 [5.01e-01, 4.97e+00]
343400 [5.01e-01, 4.97e+00]
343600 [5.01e-01, 4.97e+00]
343800 [5.01e-01, 4.97e+00]
344000 [5.01e-01, 4.97e+00]
344200 [5.01e-01, 4.97e+00]
344400 [5.01e-01, 4.97e+00]
344600 [5.01e-01, 4.97e+00]
344800 [5.01e-01, 4.97e+00]
345000 [5.01e-01, 4.97e+00]
345200 [5.01e-01, 4.97e+00]
345400 [5.01e-01, 4.97e+00]
345600 [5.01e-01, 4.97e+00]
345800 [5.01e-01, 4.97e+00]
346000 [5.01e-01, 4.97e+00]
346200 [5.01e-01, 4.97e+00]
346400 [5.01e-01, 4.97e+00]
346600 [5.01e-01, 4.97e+00]
346800 [5.01e-01, 4.97e+00]
347000 [5.01e-01, 4.97e+00]
347200 [5.01e-01, 4.97e+00]
347400 [5.01e-01, 4.97e+00]
347600 [5.01e-01, 4.97e+00]
347800 [5.01e-01, 4.97e+00]
348000 [5.01e-01, 4.97e+00]
348200 [5.01e-01, 4.97e+00]
348400 [5.01e-01, 4.97e+00]
348600 [5.01e-01, 4.97e+00]
348800 [5.01e-01, 4.98e+00]
349000 [5.01e-01, 4.97e+00]
349200 [5.01e-01, 4.98e+00]
349400 [5.01e-01, 4.98e+00]
349600 [5.01e-01, 4.97e+00]
349800 [5.01e-01, 4.98e+00]
350000 [5.01e-01, 4.98e+00]
350200 [5.01e-01, 4.98e+00]
350400 [5.01e-01, 4.98e+00]
350600 [5.01e-01, 4.98e+00]
350800 [5.01e-01, 4.98e+00]
351000 [5.01e-01, 4.98e+00]
351200 [5.01e-01, 4.98e+00]
351400 [5.01e-01, 4.98e+00]
351600 [5.01e-01, 4.98e+00]
351800 [5.01e-01, 4.98e+00]
352000 [5.01e-01, 4.98e+00]
352200 [5.01e-01, 4.98e+00]
352400 [5.01e-01, 4.98e+00]
352600 [5.01e-01, 4.98e+00]
352800 [5.01e-01, 4.98e+00]
353000 [5.01e-01, 4.98e+00]
353200 [5.01e-01, 4.98e+00]
353400 [5.01e-01, 4.98e+00]
353600 [5.01e-01, 4.98e+00]
353800 [5.01e-01, 4.98e+00]
354000 [5.01e-01, 4.98e+00]
354200 [5.01e-01, 4.98e+00]
354400 [5.01e-01, 4.98e+00]
354600 [5.01e-01, 4.98e+00]
354800 [5.01e-01, 4.98e+00]
355000 [5.01e-01, 4.98e+00]
355200 [5.01e-01, 4.98e+00]
355400 [5.01e-01, 4.98e+00]
355600 [5.01e-01, 4.98e+00]
355800 [5.01e-01, 4.98e+00]
356000 [5.01e-01, 4.98e+00]
356200 [5.01e-01, 4.98e+00]
356400 [5.01e-01, 4.98e+00]
356600 [5.01e-01, 4.98e+00]
356800 [5.01e-01, 4.98e+00]
357000 [5.01e-01, 4.98e+00]
357200 [5.01e-01, 4.98e+00]
357400 [5.01e-01, 4.98e+00]
357600 [5.01e-01, 4.98e+00]
357800 [5.01e-01, 4.98e+00]
358000 [5.01e-01, 4.98e+00]
358200 [5.01e-01, 4.98e+00]
358400 [5.01e-01, 4.98e+00]
358600 [5.01e-01, 4.98e+00]
358800 [5.01e-01, 4.98e+00]
359000 [5.01e-01, 4.98e+00]
359200 [5.01e-01, 4.98e+00]
359400 [5.01e-01, 4.98e+00]
359600 [5.01e-01, 4.98e+00]
359800 [5.01e-01, 4.98e+00]
360000 [5.01e-01, 4.98e+00]
360200 [5.01e-01, 4.98e+00]
360400 [5.01e-01, 4.98e+00]
360600 [5.01e-01, 4.98e+00]
360800 [5.01e-01, 4.98e+00]
361000 [5.01e-01, 4.98e+00]
361200 [5.01e-01, 4.98e+00]
361400 [5.01e-01, 4.98e+00]
361600 [5.01e-01, 4.98e+00]
361800 [5.01e-01, 4.98e+00]
362000 [5.01e-01, 4.98e+00]
362200 [5.01e-01, 4.98e+00]
362400 [5.01e-01, 4.98e+00]
362600 [5.01e-01, 4.98e+00]
362800 [5.01e-01, 4.98e+00]
363000 [5.01e-01, 4.98e+00]
363200 [5.01e-01, 4.98e+00]
363400 [5.01e-01, 4.98e+00]
363600 [5.01e-01, 4.98e+00]
363800 [5.01e-01, 4.98e+00]
364000 [5.01e-01, 4.98e+00]
364200 [5.01e-01, 4.98e+00]
364400 [5.01e-01, 4.98e+00]
364600 [5.01e-01, 4.98e+00]
364800 [5.01e-01, 4.98e+00]
365000 [5.01e-01, 4.98e+00]
365200 [5.01e-01, 4.98e+00]
365400 [5.01e-01, 4.98e+00]
365600 [5.01e-01, 4.98e+00]
365800 [5.01e-01, 4.98e+00]
366000 [5.01e-01, 4.98e+00]
366200 [5.01e-01, 4.98e+00]
366400 [5.01e-01, 4.98e+00]
366600 [5.01e-01, 4.98e+00]
366800 [5.01e-01, 4.98e+00]
367000 [5.01e-01, 4.98e+00]
367200 [5.01e-01, 4.98e+00]
367400 [5.01e-01, 4.98e+00]
367600 [5.01e-01, 4.98e+00]
367800 [5.01e-01, 4.98e+00]
368000 [5.01e-01, 4.98e+00]
368200 [5.01e-01, 4.98e+00]
368400 [5.01e-01, 4.98e+00]
368600 [5.01e-01, 4.98e+00]
368800 [5.01e-01, 4.98e+00]
369000 [5.01e-01, 4.98e+00]
