# x
0.000000000000000000e+00
0.000000000000000000e+00
0.000000000000000000e+00
0.000000000000000000e+00
0.000000000000000000e+00
0.000000000000000000e+00
0.000000000000000000e+00
1.071738172322511673e-02
6.430429220199584961e-02
1.226243972778320312e-01
2.038973867893218994e-01
2.774038910865783691e-01
3.660593330860137939e-01
4.648463726043701172e-01
5.774702429771423340e-01
7.441093921661376953e-01
8.781570792198181152e-01
1.012204766273498535e+00
1.150046825408935547e+00
1.282807588577270508e+00
1.425107598304748535e+00
1.581727504730224609e+00
1.753973722457885742e+00
1.897642374038696289e+00
2.049233436584472656e+00
2.187959432601928711e+00
2.376502275466918945e+00
2.537477254867553711e+00
2.699223756790161133e+00
2.864240646362304688e+00
3.000000000000000000e+00
0.000000000000000000e+00
1.071738172322511673e-02
6.430429220199584961e-02
1.226243972778320312e-01
2.038973867893218994e-01
2.774038910865783691e-01
3.660593330860137939e-01
4.648463726043701172e-01
5.774702429771423340e-01
7.441093921661376953e-01
8.781570792198181152e-01
1.012204766273498535e+00
1.150046825408935547e+00
1.282807588577270508e+00
1.425107598304748535e+00
1.581727504730224609e+00
1.753973722457885742e+00
1.897642374038696289e+00
2.049233436584472656e+00
2.187959432601928711e+00
2.376502275466918945e+00
2.537477254867553711e+00
2.699223756790161133e+00
2.864240646362304688e+00
3.000000000000000000e+00
0.000000000000000000e+00
1.071738172322511673e-02
6.430429220199584961e-02
1.226243972778320312e-01
2.038973867893218994e-01
2.774038910865783691e-01
3.660593330860137939e-01
4.648463726043701172e-01
5.774702429771423340e-01
7.441093921661376953e-01
8.781570792198181152e-01
1.012204766273498535e+00
1.150046825408935547e+00
1.282807588577270508e+00
1.425107598304748535e+00
1.581727504730224609e+00
1.753973722457885742e+00
1.897642374038696289e+00
2.049233436584472656e+00
2.187959432601928711e+00
2.376502275466918945e+00
2.537477254867553711e+00
2.699223756790161133e+00
2.864240646362304688e+00
3.000000000000000000e+00
0.000000000000000000e+00
1.071738172322511673e-02
6.430429220199584961e-02
1.226243972778320312e-01
2.038973867893218994e-01
2.774038910865783691e-01
3.660593330860137939e-01
4.648463726043701172e-01
5.774702429771423340e-01
7.441093921661376953e-01
8.781570792198181152e-01
1.012204766273498535e+00
1.150046825408935547e+00
1.282807588577270508e+00
1.425107598304748535e+00
1.581727504730224609e+00
1.753973722457885742e+00
1.897642374038696289e+00
2.049233436584472656e+00
2.187959432601928711e+00
2.376502275466918945e+00
2.537477254867553711e+00
2.699223756790161133e+00
2.864240646362304688e+00
3.000000000000000000e+00
0.000000000000000000e+00
2.400000095367431641e+00
1.200000047683715820e+00
6.000000238418579102e-01
1.800000071525573730e+00
3.000000119209289551e-01
1.500000000000000000e+00
9.000000357627868652e-01
2.100000143051147461e+00
1.500000059604644775e-01
1.350000023841857910e+00
7.500000000000000000e-01
1.950000047683715820e+00
4.500000178813934326e-01
1.650000095367431641e+00
1.050000071525573730e+00
2.250000000000000000e+00
7.500000298023223877e-02
1.275000095367431641e+00
6.750000119209289551e-01
1.875000119209289551e+00
3.750000000000000000e-01
1.575000047683715820e+00
9.750000238418579102e-01
2.175000190734863281e+00
2.250000089406967163e-01
1.425000071525573730e+00
8.250000476837158203e-01
2.025000095367431641e+00
5.250000357627868652e-01
1.725000023841857910e+00
1.125000000000000000e+00
2.325000047683715820e+00
3.750000149011611938e-02
1.237500071525573730e+00
6.375000476837158203e-01
1.837500095367431641e+00
3.375000059604644775e-01
1.537500023841857910e+00
9.375000596046447754e-01
2.137500047683715820e+00
1.875000000000000000e-01
1.387500047683715820e+00
7.875000238418579102e-01
1.987500071525573730e+00
4.875000119209289551e-01
1.687500119209289551e+00
1.087500095367431641e+00
2.287500143051147461e+00
1.125000044703483582e-01
1.312500000000000000e+00
7.125000357627868652e-01
1.912500023841857910e+00
4.125000238418579102e-01
1.612500071525573730e+00
1.012500047683715820e+00
2.212500095367431641e+00
2.625000178813934326e-01
1.462500095367431641e+00
8.625000119209289551e-01
2.062500000000000000e+00
5.625000000000000000e-01
1.762500047683715820e+00
1.162500023841857910e+00
2.362500190734863281e+00
1.875000074505805969e-02
1.218750000000000000e+00
6.187500357627868652e-01
1.818750023841857910e+00
3.187500238418579102e-01
1.518750071525573730e+00
9.187500476837158203e-01
2.118750095367431641e+00
1.687500029802322388e-01
1.368750095367431641e+00
7.687500119209289551e-01
1.968750119209289551e+00
4.687500298023223877e-01
1.668750047683715820e+00
1.068750023841857910e+00
2.268750190734863281e+00
9.375000000000000000e-02
1.293750047683715820e+00
6.937500238418579102e-01
1.893750071525573730e+00
3.937500119209289551e-01
1.593750119209289551e+00
9.937500357627868652e-01
2.193750143051147461e+00
2.437500059604644775e-01
1.443750023841857910e+00
8.437500596046447754e-01
2.043750047683715820e+00
5.437500476837158203e-01
1.743750095367431641e+00
1.143750071525573730e+00
2.343750000000000000e+00
5.625000223517417908e-02
1.256250023841857910e+00
6.562500000000000000e-01
1.856250047683715820e+00
3.562500178813934326e-01
1.556250095367431641e+00
9.562500119209289551e-01
2.156250000000000000e+00
2.062500119209289551e-01
1.406250000000000000e+00
8.062500357627868652e-01
2.006250143051147461e+00
5.062500238418579102e-01
1.706250071525573730e+00
1.106250047683715820e+00
2.306250095367431641e+00
1.312500089406967163e-01
1.331250071525573730e+00
7.312500476837158203e-01
1.931250095367431641e+00
4.312500059604644775e-01
1.631250023841857910e+00
1.031250000000000000e+00
2.231250047683715820e+00
2.812500000000000000e-01
1.481250047683715820e+00
8.812500238418579102e-01
2.081250190734863281e+00
5.812500119209289551e-01
1.781250119209289551e+00
1.181250095367431641e+00
2.381250143051147461e+00
9.375000372529029846e-03
1.209375023841857910e+00
6.093750000000000000e-01
1.809375047683715820e+00
3.093750178813934326e-01
1.509375095367431641e+00
9.093750119209289551e-01
2.109375000000000000e+00
1.593750119209289551e-01
1.359375000000000000e+00
7.593750357627868652e-01
1.959375023841857910e+00
4.593750238418579102e-01
1.659375071525573730e+00
1.059375047683715820e+00
2.259375095367431641e+00
8.437500149011611938e-02
1.284375071525573730e+00
6.843750476837158203e-01
1.884375095367431641e+00
3.843750059604644775e-01
1.584375023841857910e+00
9.843750596046447754e-01
2.184375047683715820e+00
2.343750149011611938e-01
1.434375047683715820e+00
8.343750238418579102e-01
2.034375190734863281e+00
5.343750119209289551e-01
1.734375119209289551e+00
1.134375095367431641e+00
2.334375143051147461e+00
4.687500000000000000e-02
1.246875047683715820e+00
6.468750238418579102e-01
1.846875071525573730e+00
3.468750119209289551e-01
1.546875119209289551e+00
9.468750357627868652e-01
2.146875143051147461e+00
1.968750059604644775e-01
1.396875023841857910e+00
7.968750596046447754e-01
1.996875047683715820e+00
4.968750178813934326e-01
1.696875095367431641e+00
1.096875071525573730e+00
2.296875000000000000e+00
1.218750029802322388e-01
1.321875095367431641e+00
7.218750119209289551e-01
1.921875119209289551e+00
4.218750298023223877e-01
1.621875047683715820e+00
1.021875023841857910e+00
2.221875190734863281e+00
2.718750238418579102e-01
1.471875071525573730e+00
8.718750476837158203e-01
2.071875095367431641e+00
5.718750357627868652e-01
1.771875023841857910e+00
1.171875000000000000e+00
2.371875047683715820e+00
2.812500111758708954e-02
1.228125095367431641e+00
6.281250119209289551e-01
1.828125119209289551e+00
3.281250000000000000e-01
1.528125047683715820e+00
9.281250238418579102e-01
2.128125190734863281e+00
1.781250089406967163e-01
1.378125071525573730e+00
7.781250476837158203e-01
1.978125095367431641e+00
4.781250059604644775e-01
1.678125023841857910e+00
1.078125000000000000e+00
2.278125047683715820e+00
1.031250059604644775e-01
1.303125023841857910e+00
7.031250000000000000e-01
1.903125047683715820e+00
4.031250178813934326e-01
1.603125095367431641e+00
1.003125071525573730e+00
2.203125000000000000e+00
2.531250119209289551e-01
1.453125000000000000e+00
8.531250357627868652e-01
2.053125143051147461e+00
5.531250238418579102e-01
1.753125071525573730e+00
1.153125047683715820e+00
2.353125095367431641e+00
6.562500447034835815e-02
1.265625000000000000e+00
6.656250357627868652e-01
1.865625023841857910e+00
3.656250238418579102e-01
1.565625071525573730e+00
9.656250476837158203e-01
2.165625095367431641e+00
2.156250029802322388e-01
1.415625095367431641e+00
8.156250119209289551e-01
2.015625000000000000e+00
5.156250000000000000e-01
1.715625047683715820e+00
1.115625023841857910e+00
2.315625190734863281e+00
1.406250000000000000e-01
1.340625047683715820e+00
7.406250238418579102e-01
1.940625071525573730e+00
4.406250119209289551e-01
1.640625119209289551e+00
1.040625095367431641e+00
2.240625143051147461e+00
2.906250059604644775e-01
1.490625023841857910e+00
8.906250596046447754e-01
2.090625047683715820e+00
5.906250476837158203e-01
1.790625095367431641e+00
1.190625071525573730e+00
2.390625000000000000e+00
4.687500186264514923e-03
1.204687595367431641e+00
6.046875119209289551e-01
1.804687619209289551e+00
3.046875000000000000e-01
1.504687547683715820e+00
9.046875238418579102e-01
2.104687690734863281e+00
1.546875089406967163e-01
1.354687571525573730e+00
7.546875476837158203e-01
1.954687595367431641e+00
4.546875059604644775e-01
1.654687523841857910e+00
1.054687500000000000e+00
2.254687547683715820e+00
7.968750596046447754e-02
1.279687523841857910e+00
6.796875000000000000e-01
1.879687547683715820e+00
3.796875178813934326e-01
1.579687595367431641e+00
9.796875119209289551e-01
2.179687500000000000e+00
2.296875119209289551e-01
1.429687500000000000e+00
8.296875357627868652e-01
2.029687643051147461e+00
5.296875238418579102e-01
1.729687571525573730e+00
1.129687547683715820e+00
2.329687595367431641e+00
4.218750074505805969e-02
1.242187500000000000e+00
6.421875357627868652e-01
1.842187523841857910e+00
3.421875238418579102e-01
1.542187571525573730e+00
9.421875476837158203e-01
2.142187595367431641e+00
1.921875029802322388e-01
1.392187595367431641e+00
7.921875119209289551e-01
1.992187619209289551e+00
4.921875298023223877e-01
1.692187547683715820e+00
1.092187523841857910e+00
2.292187690734863281e+00
1.171875074505805969e-01
1.317187547683715820e+00
7.171875238418579102e-01
1.917187571525573730e+00
4.171875119209289551e-01
1.617187619209289551e+00
1.017187595367431641e+00
2.217187643051147461e+00
2.671875059604644775e-01
1.467187523841857910e+00
8.671875596046447754e-01
2.067187547683715820e+00
5.671875476837158203e-01
1.767187595367431641e+00
1.167187571525573730e+00
2.367187500000000000e+00
2.343750000000000000e-02
1.223437547683715820e+00
6.234375238418579102e-01
1.823437571525573730e+00
3.234375119209289551e-01
1.523437619209289551e+00
9.234375357627868652e-01
2.123437643051147461e+00
1.734375059604644775e-01
1.373437523841857910e+00
7.734375596046447754e-01
1.973437547683715820e+00
4.734375178813934326e-01
1.673437595367431641e+00
1.073437571525573730e+00
2.273437500000000000e+00
9.843750298023223877e-02
1.298437595367431641e+00
6.984375119209289551e-01
1.898437619209289551e+00
3.984375298023223877e-01
1.598437547683715820e+00
9.984375238418579102e-01
2.198437690734863281e+00
2.484375089406967163e-01
1.448437571525573730e+00
8.484375476837158203e-01
2.048437595367431641e+00
5.484375357627868652e-01
1.748437523841857910e+00
1.148437500000000000e+00
2.348437547683715820e+00
6.093750149011611938e-02
1.260937571525573730e+00
6.609375476837158203e-01
1.860937595367431641e+00
3.609375059604644775e-01
1.560937523841857910e+00
9.609375596046447754e-01
2.160937547683715820e+00
2.109375149011611938e-01
1.410937547683715820e+00
8.109375238418579102e-01
2.010937690734863281e+00
5.109375119209289551e-01
1.710937619209289551e+00
1.110937595367431641e+00
2.310937643051147461e+00
1.359375119209289551e-01
1.335937500000000000e+00
7.359375357627868652e-01
1.935937523841857910e+00
4.359375238418579102e-01
1.635937571525573730e+00
1.035937547683715820e+00
2.235937595367431641e+00
2.859375178813934326e-01
1.485937595367431641e+00
8.859375119209289551e-01
2.085937500000000000e+00
5.859375000000000000e-01
1.785937547683715820e+00
1.185937523841857910e+00
2.385937690734863281e+00
1.406250055879354477e-02
1.214062571525573730e+00
6.140625476837158203e-01
1.814062595367431641e+00
3.140625059604644775e-01
1.514062523841857910e+00
9.140625596046447754e-01
2.114062547683715820e+00
1.640625000000000000e-01
1.364062547683715820e+00
7.640625238418579102e-01
1.964062571525573730e+00
4.640625119209289551e-01
1.664062619209289551e+00
1.064062595367431641e+00
2.264062643051147461e+00
8.906250447034835815e-02
