# step, loss_train, loss_test, metrics_test
0.000000000000000000e+00 6.688607714877678467e-02 3.354168300710457141e-05 1.290391438212492095e-02 1.405358979646755059e-05 6.688607714877678467e-02 3.354168300710457141e-05 1.290391438212492095e-02 1.405358979646755059e-05
1.000000000000000000e+03 6.525292274762823849e-04 1.489128431291044723e-06 2.197752988796608693e-03 1.489752018880340530e-06 6.525292274762823849e-04 1.489128431291044723e-06 2.197752988796608693e-03 1.489752018880340530e-06
2.000000000000000000e+03 1.288758050816484846e-04 2.211041694621238351e-07 9.074993412267847630e-04 8.000354614044815911e-05 1.288758050816484846e-04 2.211041694621238351e-07 9.074993412267847630e-04 8.000354614044815911e-05
3.000000000000000000e+03 1.410738873436629837e-05 3.903362755456015826e-07 8.255585869300847198e-04 1.759385240248522086e-06 1.410738873436629837e-05 3.903362755456015826e-07 8.255585869300847198e-04 1.759385240248522086e-06
4.000000000000000000e+03 3.101942466306753399e-06 3.053533420713180213e-07 7.969746248991143233e-04 2.513050902626024565e-08 3.101942466306753399e-06 3.053533420713180213e-07 7.969746248991143233e-04 2.513050902626024565e-08
5.000000000000000000e+03 2.938082819104014075e-07 1.766214622561291963e-07 7.527291564444112950e-04 4.663257466634569339e-08 2.938082819104014075e-07 1.766214622561291963e-07 7.527291564444112950e-04 4.663257466634569339e-08
6.000000000000000000e+03 1.519776530378957279e-06 3.327101543109027374e-08 6.379494697684137986e-04 5.965855977832162805e-08 1.519776530378957279e-06 3.327101543109027374e-08 6.379494697684137986e-04 5.965855977832162805e-08
7.000000000000000000e+03 7.645264021203881130e-05 1.013478292851262757e-08 2.225599481296745656e-04 4.088113918007940896e-07 7.645264021203881130e-05 1.013478292851262757e-08 2.225599481296745656e-04 4.088113918007940896e-07
8.000000000000000000e+03 2.745417365509053291e-05 1.389132809621770223e-07 1.283098857728735408e-04 6.205818897333487236e-06 2.745417365509053291e-05 1.389132809621770223e-07 1.283098857728735408e-04 6.205818897333487236e-06
9.000000000000000000e+03 6.955203284603422940e-05 1.594671247642157709e-08 1.142043704527864815e-04 4.992628300028585688e-06 6.955203284603422940e-05 1.594671247642157709e-08 1.142043704527864815e-04 4.992628300028585688e-06
1.000000000000000000e+04 1.220506570278917269e-04 1.199972268650724081e-08 1.263971001980811583e-04 3.988966110944304029e-06 1.220506570278917269e-04 1.199972268650724081e-08 1.263971001980811583e-04 3.988966110944304029e-06
1.100000000000000000e+04 3.378950555351799192e-05 6.120060595819870571e-08 1.060011839143114640e-04 2.951303233503561715e-06 3.378950555351799192e-05 6.120060595819870571e-08 1.060011839143114640e-04 2.951303233503561715e-06
1.200000000000000000e+04 8.066446221859967041e-05 9.478879699709086942e-09 1.022745543037731326e-04 2.584953377887234392e-06 8.066446221859967041e-05 9.478879699709086942e-09 1.022745543037731326e-04 2.584953377887234392e-06
1.300000000000000000e+04 4.590893152592025818e-05 5.300998583560347647e-08 9.680460635244395279e-05 1.967584483618445598e-06 4.590893152592025818e-05 5.300998583560347647e-08 9.680460635244395279e-05 1.967584483618445598e-06
1.400000000000000000e+04 8.744338493731274769e-05 8.905971067887206363e-08 1.151425010444314523e-04 1.568252927708020978e-06 8.744338493731274769e-05 8.905971067887206363e-08 1.151425010444314523e-04 1.568252927708020978e-06
1.500000000000000000e+04 3.617457777426249816e-05 2.106100874850735037e-08 8.334539595891745094e-05 1.150314159694580391e-06 3.617457777426249816e-05 2.106100874850735037e-08 8.334539595891745094e-05 1.150314159694580391e-06
1.600000000000000000e+04 4.084129538886900878e-05 3.315633207889633051e-08 7.628418074246501128e-05 8.264830792396451805e-07 4.084129538886900878e-05 3.315633207889633051e-08 7.628418074246501128e-05 8.264830792396451805e-07
1.700000000000000000e+04 1.561959320493484723e-05 2.317496013088422043e-08 6.271936771875226478e-05 4.489370292147240874e-07 1.561959320493484723e-05 2.317496013088422043e-08 6.271936771875226478e-05 4.489370292147240874e-07
1.800000000000000000e+04 9.248544203333287973e-06 1.601888333830543076e-08 5.573159657484319485e-05 2.153663570890460812e-07 9.248544203333287973e-06 1.601888333830543076e-08 5.573159657484319485e-05 2.153663570890460812e-07
1.900000000000000000e+04 3.601286883945741104e-05 1.012486517498332433e-07 5.952491617825033884e-05 2.291133885085751776e-07 3.601286883945741104e-05 1.012486517498332433e-07 5.952491617825033884e-05 2.291133885085751776e-07
2.000000000000000000e+04 2.373918640026777705e-05 2.087181993393643166e-08 5.170321284742684069e-05 1.168949063316232641e-07 2.373918640026777705e-05 2.087181993393643166e-08 5.170321284742684069e-05 1.168949063316232641e-07
2.100000000000000000e+04 8.744597183319822596e-05 1.614144622393528236e-07 6.618249461356230385e-05 8.844956516342535717e-08 8.744597183319822596e-05 1.614144622393528236e-07 6.618249461356230385e-05 8.844956516342535717e-08
2.200000000000000000e+04 1.233713525257421810e-04 1.807816710691088439e-07 7.093783707787572627e-05 7.722116883070147808e-08 1.233713525257421810e-04 1.807816710691088439e-07 7.093783707787572627e-05 7.722116883070147808e-08
2.300000000000000000e+04 1.701796032484310739e-06 1.113893415538141310e-08 2.003566782223408077e-05 4.489832057446540008e-08 1.701796032484310739e-06 1.113893415538141310e-08 2.003566782223408077e-05 4.489832057446540008e-08
2.400000000000000000e+04 1.949606621164730081e-05 9.424641179696586966e-09 2.064756117208235497e-05 4.545716872086354697e-08 1.949606621164730081e-05 9.424641179696586966e-09 2.064756117208235497e-05 4.545716872086354697e-08
2.500000000000000000e+04 8.192521712809256023e-06 2.984372884167976279e-09 1.052213606512425410e-05 2.618283274967792471e-08 8.192521712809256023e-06 2.984372884167976279e-09 1.052213606512425410e-05 2.618283274967792471e-08
2.600000000000000000e+04 1.922753923495854224e-06 4.427363282408577759e-08 5.138491850666512324e-06 1.618704430613792550e-08 1.922753923495854224e-06 4.427363282408577759e-08 5.138491850666512324e-06 1.618704430613792550e-08
2.700000000000000000e+04 4.397399952450805613e-06 9.510151815339574643e-08 3.761570434970248096e-06 7.945819586717468779e-09 4.397399952450805613e-06 9.510151815339574643e-08 3.761570434970248096e-06 7.945819586717468779e-09
2.800000000000000000e+04 5.518431497782290600e-06 1.518577975895250188e-07 3.924244692148919794e-06 2.964532413748872617e-08 5.518431497782290600e-06 1.518577975895250188e-07 3.924244692148919794e-06 2.964532413748872617e-08
2.900000000000000000e+04 2.525551905474400213e-06 1.183988486512931670e-07 1.500236332576078464e-06 5.903585172784589455e-09 2.525551905474400213e-06 1.183988486512931670e-07 1.500236332576078464e-06 5.903585172784589455e-09
3.000000000000000000e+04 2.075793360099112325e-05 2.690141516973034836e-07 9.574962863552012517e-06 2.152316880552762561e-08 2.075793360099112325e-05 2.690141516973034836e-07 9.574962863552012517e-06 2.152316880552762561e-08
