0.000000000000000000e+00 1.170023244999999937e-09
5.000000000000000104e-04 1.170136000000000022e-09
1.000000000000000021e-03 1.170248763000000059e-09
1.500000000000000031e-03 1.170361532999999901e-09
2.000000000000000042e-03 1.170474306999999925e-09
2.500000000000000052e-03 1.170587083999999984e-09
3.000000000000000062e-03 1.170699861000000043e-09
3.500000000000000073e-03 1.170812636000000010e-09
4.000000000000000083e-03 1.170925407999999943e-09
4.499999999999999660e-03 1.171038174000000015e-09
5.000000000000000104e-03 1.171150935999999903e-09
5.499999999999999681e-03 1.171263691999999930e-09
6.000000000000000125e-03 1.171376443000000039e-09
6.499999999999999702e-03 1.171489190999999906e-09
7.000000000000000146e-03 1.171601938000000038e-09
7.499999999999999722e-03 1.171714684999999963e-09
8.000000000000000167e-03 1.171827434999999922e-09
8.500000000000000611e-03 1.171940190999999949e-09
8.999999999999999320e-03 1.172052953000000044e-09
9.499999999999999764e-03 1.172165724000000035e-09
1.000000000000000021e-02 1.172278502999999979e-09
1.050000000000000065e-02 1.172391291000000024e-09
1.099999999999999936e-02 1.172504087000000023e-09
1.149999999999999981e-02 1.172616890000000032e-09
1.200000000000000025e-02 1.172729697000000018e-09
1.250000000000000069e-02 1.172842507000000037e-09
1.299999999999999940e-02 1.172955317000000057e-09
1.349999999999999985e-02 1.173068124999999985e-09
1.400000000000000029e-02 1.173180930000000085e-09
1.450000000000000074e-02 1.173293730000000060e-09
1.499999999999999944e-02 1.173406523999999967e-09
1.549999999999999989e-02 1.173519312999999955e-09
1.600000000000000033e-02 1.173632097999999967e-09
1.650000000000000078e-02 1.173744879000000002e-09
1.700000000000000122e-02 1.173857657999999946e-09
1.750000000000000167e-02 1.173970438999999981e-09
1.799999999999999864e-02 1.174083221999999901e-09
1.849999999999999908e-02 1.174196009999999947e-09
1.899999999999999953e-02 1.174308805000000003e-09
1.949999999999999997e-02 1.174421608999999954e-09
2.000000000000000042e-02 1.174534421000000065e-09
2.050000000000000086e-02 -5.493509120000000323e-04
2.100000000000000130e-02 -3.680045227999999800e-03
2.149999999999999828e-02 -9.771794191999999546e-03
2.199999999999999872e-02 -1.895151597999999993e-02
2.249999999999999917e-02 -3.126172476999999894e-02
2.299999999999999961e-02 -4.666388273000000170e-02
2.350000000000000006e-02 -6.504368824999999521e-02
2.400000000000000050e-02 -8.621784291999999572e-02
2.450000000000000094e-02 -1.099418550999999994e-01
2.500000000000000139e-02 -1.359184827000000095e-01
2.549999999999999836e-02 -1.638064868000000118e-01
2.599999999999999881e-02 -1.932294515000000101e-01
2.649999999999999925e-02 -2.237845055999999888e-01
2.699999999999999969e-02 -2.550508642000000048e-01
2.750000000000000014e-02 -2.865981655000000017e-01
2.800000000000000058e-02 -3.179946255000000166e-01
2.850000000000000103e-02 -3.488150554000000181e-01
2.900000000000000147e-02 -3.786487859000000067e-01
2.949999999999999845e-02 -4.071075247000000008e-01
2.999999999999999889e-02 -4.338331335999999760e-01
3.049999999999999933e-02 -4.585052574999999853e-01
3.099999999999999978e-02 -4.808486767999999856e-01
3.150000000000000022e-02 -5.006401852999999846e-01
3.200000000000000067e-02 -5.177147389999999794e-01
3.250000000000000111e-02 -5.319705748999999928e-01
3.300000000000000155e-02 -5.433729769999999792e-01
3.350000000000000200e-02 -5.519563776999999449e-01
3.400000000000000244e-02 -5.578245247999999989e-01
3.450000000000000289e-02 -5.611485200000000395e-01
3.500000000000000333e-02 -5.621626418999999819e-01
3.549999999999999684e-02 -5.611579849000000175e-01
3.599999999999999728e-02 -5.584740787999999956e-01
3.649999999999999772e-02 -5.544887782999999848e-01
3.699999999999999817e-02 -5.496068150999999791e-01
3.749999999999999861e-02 -5.442474912000000442e-01
3.799999999999999906e-02 -5.388320330000000435e-01
3.849999999999999950e-02 -5.337711408999999962e-01
3.899999999999999994e-02 -5.294532416999999658e-01
3.950000000000000039e-02 -5.262338932000000247e-01
4.000000000000000083e-02 -5.244267094000000240e-01
4.050000000000000128e-02 -5.242960706999999498e-01
4.100000000000000172e-02 -5.260517715000000427e-01
4.150000000000000216e-02 -5.298456488999999658e-01
4.200000000000000261e-02 -5.357701310000000383e-01
4.250000000000000305e-02 -5.438585578000000309e-01
4.299999999999999656e-02 -5.540870636000000404e-01
4.349999999999999700e-02 -5.663777693999999530e-01
4.399999999999999745e-02 -5.806030211999999580e-01
4.449999999999999789e-02 -5.965904185999999498e-01
4.499999999999999833e-02 -6.141284069000000345e-01
4.549999999999999878e-02 -6.329722445000000031e-01
4.599999999999999922e-02 -6.528502042999999588e-01
4.649999999999999967e-02 -6.734699140000000028e-01
4.700000000000000011e-02 -6.945247768000000210e-01
4.750000000000000056e-02 -7.157004439999999912e-01
4.800000000000000100e-02 -7.366813236999999459e-01
4.850000000000000144e-02 -7.571571129999999927e-01
4.900000000000000189e-02 -7.768293223000000136e-01
4.950000000000000233e-02 -7.954177380000000408e-01
5.000000000000000278e-02 -8.126667346999999486e-01
5.050000000000000322e-02 -8.283513046999999574e-01
5.099999999999999672e-02 -8.422826423000000506e-01
5.149999999999999717e-02 -8.543130820000000014e-01
5.199999999999999761e-02 -8.643401764999999459e-01
5.249999999999999806e-02 -8.723096986999999691e-01
5.299999999999999850e-02 -8.782173680999999510e-01
5.349999999999999895e-02 -8.821091457999999941e-01
5.399999999999999939e-02 -8.840799948999999991e-01
5.449999999999999983e-02 -8.842710818000000250e-01
5.500000000000000028e-02 -8.828654691999999748e-01
5.550000000000000072e-02 -8.800824374000000283e-01
5.600000000000000117e-02 -8.761706437999999819e-01
5.650000000000000161e-02 -8.714003952000000108e-01
5.700000000000000205e-02 -8.660553503000000264e-01
5.750000000000000250e-02 -8.604239945999999639e-01
5.800000000000000294e-02 -8.547912294999999716e-01
5.850000000000000339e-02 -8.494303962000000485e-01
5.899999999999999689e-02 -8.445960150000000333e-01
5.949999999999999734e-02 -8.405174657999999743e-01
5.999999999999999778e-02 -8.373937713000000338e-01
6.049999999999999822e-02 -8.353895759999999671e-01
6.099999999999999867e-02 -8.346323476000000463e-01
6.149999999999999911e-02 -8.352107706000000409e-01
6.199999999999999956e-02 -8.371742514000000135e-01
6.250000000000000000e-02 -8.405334237999999569e-01
6.300000000000000044e-02 -8.452615204000000215e-01
6.350000000000000089e-02 -8.512964758000000076e-01
6.400000000000000133e-02 -8.585436301000000103e-01
6.450000000000000178e-02 -8.668789205000000386e-01
6.500000000000000222e-02 -8.761524663999999962e-01
6.550000000000000266e-02 -8.861924788999999691e-01
6.600000000000000311e-02 -8.968094397000000439e-01
6.650000000000000355e-02 -9.078005131999999922e-01
6.700000000000000400e-02 -9.189541558999999582e-01
6.750000000000000444e-02 -9.300548875999999909e-01
6.800000000000000488e-02 -9.408881784999999498e-01
6.850000000000000533e-02 -9.512453849999999989e-01
6.900000000000000577e-02 -9.609286524000000274e-01
6.950000000000000622e-02 -9.697556715999999799e-01
7.000000000000000666e-02 -9.775641644000000463e-01
7.049999999999999323e-02 -9.842159516999999802e-01
7.099999999999999367e-02 -9.896004548000000289e-01
7.149999999999999412e-02 -9.936374838999999515e-01
7.199999999999999456e-02 -9.962791851000000198e-01
7.249999999999999500e-02 -9.975110425000000003e-01
7.299999999999999545e-02 -9.973518730000000554e-01
7.349999999999999589e-02 -9.958527946999999880e-01
7.399999999999999634e-02 -9.930951984000000454e-01
7.449999999999999678e-02 -9.891878037000000345e-01
7.499999999999999722e-02 -9.842629196000000080e-01
7.549999999999999767e-02 -9.784720744999999553e-01
7.599999999999999811e-02 -9.719811963000000166e-01
7.649999999999999856e-02 -9.649655464999999932e-01
7.699999999999999900e-02 -9.576046041000000342e-01
7.749999999999999944e-02 -9.500770902999999823e-01
7.799999999999999989e-02 -9.425562970999999957e-01
7.850000000000000033e-02 -9.352058565999999962e-01
7.900000000000000078e-02 -9.281760495999999971e-01
7.950000000000000122e-02 -9.216007186000000351e-01
8.000000000000000167e-02 -9.155948111999999695e-01
8.050000000000000211e-02 -9.102525540000000470e-01
8.100000000000000255e-02 -9.056462280000000531e-01
8.150000000000000300e-02 -9.018255038000000390e-01
8.200000000000000344e-02 -8.988172835000000083e-01
8.250000000000000389e-02 -8.966259971000000162e-01
8.300000000000000433e-02 -8.952343016999999570e-01
8.350000000000000477e-02 -8.946041432000000349e-01
8.400000000000000522e-02 -8.946781472999999485e-01
8.450000000000000566e-02 -8.953813159000000299e-01
8.500000000000000611e-02 -8.966230110999999781e-01
8.550000000000000655e-02 -8.982992110999999946e-01
8.599999999999999312e-02 -9.002950210000000286e-01
8.649999999999999356e-02 -9.024874125999999830e-01
8.699999999999999400e-02 -9.047481596999999987e-01
8.749999999999999445e-02 -9.069469189000000098e-01
8.799999999999999489e-02 -9.089543925999999940e-01
8.849999999999999534e-02 -9.106454978000000366e-01
8.899999999999999578e-02 -9.119024508999999945e-01
8.949999999999999623e-02 -9.126176741000000536e-01
8.999999999999999667e-02 -9.126964250000000334e-01
9.049999999999999711e-02 -9.120590579999999781e-01
9.099999999999999756e-02 -9.106428358999999473e-01
9.149999999999999800e-02 -9.084032279999999515e-01
9.199999999999999845e-02 -9.053146535999999633e-01
9.249999999999999889e-02 -9.013706523000000193e-01
9.299999999999999933e-02 -8.965834932999999785e-01
9.349999999999999978e-02 -8.909832559000000485e-01
9.400000000000000022e-02 -8.846164399999999484e-01
9.450000000000000067e-02 -8.775441803000000318e-01
9.500000000000000111e-02 -8.698401521999999941e-01
9.550000000000000155e-02 -8.615882615000000078e-01
9.600000000000000200e-02 -8.528802103000000523e-01
9.650000000000000244e-02 -8.438130254000000274e-01
9.700000000000000289e-02 -8.344866246000000043e-01
9.750000000000000333e-02 -8.250014830999999882e-01
9.800000000000000377e-02 -8.154564453000000546e-01
9.850000000000000422e-02 -8.059467156999999826e-01
9.900000000000000466e-02 -7.965620446000000188e-01
9.950000000000000511e-02 -7.873851183000000198e-01
1.000000000000000056e-01 -7.784901530000000180e-01
1.005000000000000060e-01 -7.699416880999999657e-01
1.010000000000000064e-01 -7.617935778000000102e-01
1.015000000000000069e-01 -7.540881775000000120e-01
1.019999999999999934e-01 -7.468557289999999682e-01
1.024999999999999939e-01 -7.401139519999999639e-01
1.029999999999999943e-01 -7.338678527999999979e-01
1.034999999999999948e-01 -7.281097653000000447e-01
1.039999999999999952e-01 -7.228196366000000372e-01
1.044999999999999957e-01 -7.179655706999999998e-01
1.049999999999999961e-01 -7.135046333000000240e-01
1.054999999999999966e-01 -7.093839176999999774e-01
1.059999999999999970e-01 -7.055418570999999472e-01
1.064999999999999974e-01 -7.019097609000000126e-01
1.069999999999999979e-01 -6.984135384999999863e-01
1.074999999999999983e-01 -6.949755669999999608e-01
1.079999999999999988e-01 -6.915166460999999654e-01
1.084999999999999992e-01 -6.879579827999999786e-01
1.089999999999999997e-01 -6.842231427999999616e-01
1.095000000000000001e-01 -6.802399071000000408e-01
1.100000000000000006e-01 -6.759419772000000437e-01
1.105000000000000010e-01 -6.712704814000000075e-01
1.110000000000000014e-01 -6.661752402999999711e-01
1.115000000000000019e-01 -6.606157673000000452e-01
1.120000000000000023e-01 -6.545619869000000035e-01
1.125000000000000028e-01 -6.479946689000000148e-01
1.130000000000000032e-01 -6.409055849000000471e-01
1.135000000000000037e-01 -6.332974055000000213e-01
1.140000000000000041e-01 -6.251833585999999610e-01
1.145000000000000046e-01 -6.165866782000000157e-01
1.150000000000000050e-01 -6.075398708000000481e-01
1.155000000000000054e-01 -5.980838268000000513e-01
1.160000000000000059e-01 -5.882668048000000427e-01
1.165000000000000063e-01 -5.781433097999999493e-01
1.170000000000000068e-01 -5.677728864000000097e-01
1.174999999999999933e-01 -5.572188435999999578e-01
1.179999999999999938e-01 -5.465469272999999850e-01
1.184999999999999942e-01 -5.358239556999999653e-01
1.189999999999999947e-01 -5.251164327999999770e-01
1.194999999999999951e-01 -5.144891603000000257e-01
1.199999999999999956e-01 -5.040038671000000026e-01
1.204999999999999960e-01 -4.937178831999999851e-01
1.209999999999999964e-01 -4.836828846999999820e-01
1.214999999999999969e-01 -4.739437424999999871e-01
1.219999999999999973e-01 -4.645375050000000172e-01
1.224999999999999978e-01 -4.554925484999999830e-01
1.229999999999999982e-01 -4.468279240999999957e-01
1.234999999999999987e-01 -4.385529262000000261e-01
1.239999999999999991e-01 -4.306669028999999815e-01
1.244999999999999996e-01 -4.231593198999999972e-01
1.250000000000000000e-01 -4.160100808000000150e-01
1.255000000000000004e-01 -4.091900971999999914e-01
1.260000000000000009e-01 -4.026620949999999977e-01
1.265000000000000013e-01 -3.963816305999999789e-01
1.270000000000000018e-01 -3.902982873999999991e-01
1.275000000000000022e-01 -3.843570139999999968e-01
1.280000000000000027e-01 -3.784995635999999775e-01
1.285000000000000031e-01 -3.726659903000000273e-01
1.290000000000000036e-01 -3.667961590000000105e-01
1.295000000000000040e-01 -3.608312281000000121e-01
1.300000000000000044e-01 -3.547150646000000185e-01
1.305000000000000049e-01 -3.483955604000000261e-01
1.310000000000000053e-01 -3.418258187000000059e-01
1.315000000000000058e-01 -3.349651893999999741e-01
1.320000000000000062e-01 -3.277801357999999832e-01
1.325000000000000067e-01 -3.202449198999999802e-01
1.330000000000000071e-01 -3.123420992000000007e-01
1.335000000000000075e-01 -3.040628316000000275e-01
1.340000000000000080e-01 -2.954069883000000063e-01
1.345000000000000084e-01 -2.863830754999999728e-01
1.350000000000000089e-01 -2.770079719999999912e-01
1.355000000000000093e-01 -2.673064868000000205e-01
1.360000000000000098e-01 -2.573107472000000229e-01
1.365000000000000102e-01 -2.470594278000000088e-01
1.370000000000000107e-01 -2.365968340999999864e-01
1.375000000000000111e-01 -2.259718571000000065e-01
1.380000000000000115e-01 -2.152368196999999983e-01
1.385000000000000120e-01 -2.044462378000000136e-01
1.390000000000000124e-01 -1.936555229999999961e-01
1.395000000000000129e-01 -1.829196567999999967e-01
1.400000000000000133e-01 -1.722918693999999917e-01
1.405000000000000138e-01 -1.618223561999999893e-01
1.409999999999999865e-01 -1.515570666999999927e-01
1.414999999999999869e-01 -1.415366002000000012e-01
1.419999999999999873e-01 -1.317952383999999866e-01
1.424999999999999878e-01 -1.223601440000000040e-01
1.429999999999999882e-01 -1.132507476000000068e-01
1.434999999999999887e-01 -1.044783408999999941e-01
1.439999999999999891e-01 -9.604588719999999913e-02
1.444999999999999896e-01 -8.794805156000000401e-02
1.449999999999999900e-01 -8.017145013000000209e-02
1.454999999999999905e-01 -7.269510630000000639e-02
1.459999999999999909e-01 -6.549109865999999669e-02
1.464999999999999913e-01 -5.852537882000000136e-02
1.469999999999999918e-01 -5.175873277999999689e-02
1.474999999999999922e-01 -4.514785668000000085e-02
1.479999999999999927e-01 -3.864651508999999985e-02
1.484999999999999931e-01 -3.220674951000000036e-02
1.489999999999999936e-01 -2.578010468999999971e-02
1.494999999999999940e-01 -1.931884144000000150e-02
1.499999999999999944e-01 -1.277710676999999941e-02
1.504999999999999949e-01 -6.112034425000000167e-03
1.509999999999999953e-01 7.152481416999999665e-04
1.514999999999999958e-01 7.738726878000000420e-03
1.519999999999999962e-01 1.498673994000000037e-02
1.524999999999999967e-01 2.248136207000000011e-02
1.529999999999999971e-01 3.023794533000000173e-02
1.534999999999999976e-01 3.826482377999999851e-02
1.539999999999999980e-01 4.656318610000000080e-02
1.544999999999999984e-01 5.512711745999999968e-02
1.549999999999999989e-01 6.394380817000000494e-02
1.554999999999999993e-01 7.299392368000000297e-02
1.559999999999999998e-01 8.225212719999999700e-02
1.565000000000000002e-01 9.168774253000000485e-02
1.570000000000000007e-01 1.012655419000000057e-01
1.575000000000000011e-01 1.109466395999999938e-01
1.580000000000000016e-01 1.206894708999999982e-01
1.585000000000000020e-01 1.304508305000000035e-01
1.590000000000000024e-01 1.401869460999999872e-01
1.595000000000000029e-01 1.498545585000000124e-01
1.600000000000000033e-01 1.594119804999999945e-01
1.605000000000000038e-01 1.688201072000000136e-01
1.610000000000000042e-01 1.780433506000000110e-01
1.615000000000000047e-01 1.870504745000000080e-01
1.620000000000000051e-01 1.958153076999999964e-01
1.625000000000000056e-01 2.043173178000000090e-01
1.630000000000000060e-01 2.125420315000000060e-01
1.635000000000000064e-01 2.204812925999999895e-01
1.640000000000000069e-01 2.281333530000000109e-01
1.645000000000000073e-01 2.355027970000000137e-01
1.650000000000000078e-01 2.426003053000000131e-01
1.655000000000000082e-01 2.494422671000000036e-01
1.660000000000000087e-01 2.560502546000000268e-01
1.665000000000000091e-01 2.624503767999999959e-01
1.670000000000000095e-01 2.686725328999999829e-01
1.675000000000000100e-01 2.747495856000000125e-01
1.680000000000000104e-01 2.807164792999999881e-01
1.685000000000000109e-01 2.866093248000000093e-01
1.690000000000000113e-01 2.924644755999999957e-01
1.695000000000000118e-01 2.983176176999999818e-01
1.700000000000000122e-01 3.042028943999999790e-01
1.705000000000000127e-01 3.101520870999999735e-01
1.710000000000000131e-01 3.161938690000000163e-01
1.715000000000000135e-01 3.223531485999999724e-01
1.719999999999999862e-01 3.286505149000000237e-01
1.724999999999999867e-01 3.351017975999999732e-01
1.729999999999999871e-01 3.417177470000000161e-01
1.734999999999999876e-01 3.485038422999999774e-01
1.739999999999999880e-01 3.554602280999999975e-01
1.744999999999999885e-01 3.625817814000000250e-01
1.749999999999999889e-01 3.698583032000000159e-01
1.754999999999999893e-01 3.772748307000000079e-01
1.759999999999999898e-01 3.848120610999999913e-01
1.764999999999999902e-01 3.924468751999999894e-01
1.769999999999999907e-01 4.001529479000000000e-01
1.774999999999999911e-01 4.079014293000000069e-01
1.779999999999999916e-01 4.156616804000000109e-01
1.784999999999999920e-01 4.234020418000000174e-01
1.789999999999999925e-01 4.310906199000000272e-01
1.794999999999999929e-01 4.386960662000000122e-01
1.799999999999999933e-01 4.461883333000000174e-01
1.804999999999999938e-01 4.535393864999999747e-01
1.809999999999999942e-01 4.607238546999999906e-01
1.814999999999999947e-01 4.677196032000000003e-01
1.819999999999999951e-01 4.745082157000000134e-01
1.824999999999999956e-01 4.810753743999999776e-01
1.829999999999999960e-01 4.874111299000000175e-01
1.834999999999999964e-01 4.935100555999999972e-01
1.839999999999999969e-01 4.993712860999999781e-01
1.844999999999999973e-01 5.049984391999999822e-01
1.849999999999999978e-01 5.103994280000000439e-01
1.854999999999999982e-01 5.155861685999999500e-01
1.859999999999999987e-01 5.205741952000000339e-01
1.864999999999999991e-01 5.253821923000000504e-01
1.869999999999999996e-01 5.300314604000000429e-01
1.875000000000000000e-01 5.345453274999999449e-01
1.880000000000000004e-01 5.389485253000000364e-01
1.885000000000000009e-01 5.432665436000000403e-01
1.890000000000000013e-01 5.475249811000000300e-01
1.895000000000000018e-01 5.517489084000000155e-01
1.900000000000000022e-01 5.559622567999999987e-01
1.905000000000000027e-01 5.601872487000000289e-01
1.910000000000000031e-01 5.644438814000000137e-01
1.915000000000000036e-01 5.687494752999999736e-01
1.920000000000000040e-01 5.731182958999999633e-01
1.925000000000000044e-01 5.775612568000000335e-01
1.930000000000000049e-01 5.820857099999999784e-01
1.935000000000000053e-01 5.866953247999999732e-01
1.940000000000000058e-01 5.913900586000000459e-01
1.945000000000000062e-01 5.961662170000000538e-01
1.950000000000000067e-01 6.010166018999999471e-01
1.955000000000000071e-01 6.059307406999999701e-01
1.960000000000000075e-01 6.108951916999999510e-01
1.965000000000000080e-01 6.158939163000000105e-01
1.970000000000000084e-01 6.209087079999999759e-01
1.975000000000000089e-01 6.259196675999999515e-01
1.980000000000000093e-01 6.309057112000000522e-01
1.985000000000000098e-01 6.358451000999999492e-01
1.990000000000000102e-01 6.407159768000000311e-01
1.995000000000000107e-01 6.454968953999999925e-01
